tpgGen,envGen,frames,envName,tpgMin,tpgMax,tpgAvg,envFit,championSize,totalTeams,totalRootTeams
1,1,500,FishingDerby-v0,-24.0,-4.0,-18.9066666667,0.546346666667,6,751,666
2,1,500,BattleZone-v0,0.0,6000.0,289.78978979,0.103214325437,6,751,637
3,1,500,Boxing-v0,-38.0,2.0,-12.7252747253,0.912918192918,6,751,613
4,1,500,DoubleDunk-v0,-10.0,2.0,-0.437194127243,0.979598412986,11,750,595
5,1,500,Gravitar-v0,0.0,350.0,4.95798319328,0.0206406372073,8,750,591
6,1,500,Frostbite-v0,0.0,80.0,13.4179357022,0.149417183681,6,751,573
7,1,500,Freeway-v0,0.0,5.0,0.17277486911,0.0312119449292,6,750,569
8,1,500,Alien-v0,0.0,140.0,58.1722319859,0.489126406274,6,750,565
9,1,500,BankHeist-v0,0.0,20.0,0.601769911504,0.0424778761062,6,751,572
10,1,500,BankHeist-v0,0.0,20.0,0.716783216783,0.0559440559441,6,750,579
11,1,500,Freeway-v0,0.0,5.0,0.0777202072539,0.013816925734,6,750,582
12,1,500,BattleZone-v0,0.0,5000.0,462.199312715,0.192134402444,6,750,577
13,1,500,Frostbite-v0,0.0,80.0,24.3327556326,0.271519352975,6,751,575
14,1,500,Alien-v0,0.0,140.0,95.4434782609,0.712436162871,6,750,556
15,1,500,Gravitar-v0,0.0,250.0,2.87769784173,0.0109992006395,11,750,567
16,1,500,DoubleDunk-v0,-6.0,2.0,-0.271604938272,0.974720752499,11,750,577
17,1,500,FishingDerby-v0,-24.0,-4.0,-18.9618717504,0.537500481417,6,750,556
18,1,500,Boxing-v0,-46.0,4.0,-13.0881294964,0.928920863309,11,751,548
19,1,500,Freeway-v0,0.0,5.0,0.0547445255474,0.00973236009732,6,750,537
20,1,500,BattleZone-v0,0.0,5000.0,746.741154562,0.290337264639,6,750,542
21,1,500,BankHeist-v0,0.0,20.0,0.867158671587,0.0623206232062,6,750,542
22,1,500,Boxing-v0,-38.0,5.0,-11.8099630996,0.919247375275,11,750,551
23,1,500,Frostbite-v0,0.0,140.0,32.1234119782,0.376672387043,11,751,546
24,1,500,FishingDerby-v0,-24.0,-12.0,-18.8846153846,0.769208158097,6,750,536
25,1,500,Alien-v0,0.0,270.0,103.843283582,0.687868385553,5,751,548
26,1,500,Gravitar-v0,0.0,350.0,5.83941605839,0.0234371120711,10,750,543
27,1,500,DoubleDunk-v0,-10.0,2.0,-0.243093922652,0.982925221108,49,750,553
28,1,500,Freeway-v0,0.0,5.0,0.0614828209765,0.0114446453687,15,751,557
29,1,500,Frostbite-v0,0.0,140.0,52.6750448833,0.61866901159,11,750,556
30,1,500,Boxing-v0,-38.0,11.0,-12.5809352518,0.854075922935,10,750,551
31,1,500,Gravitar-v0,0.0,250.0,3.99274047187,0.0196168582375,15,751,548
32,1,500,DoubleDunk-v0,-8.0,2.0,-0.124087591241,0.9899756691,22,751,547
33,1,500,BankHeist-v0,0.0,60.0,0.822669104205,0.0276254316474,6,750,541
34,1,500,Alien-v0,0.0,260.0,117.781885397,0.786737978832,28,751,547
35,1,500,FishingDerby-v0,-24.0,-2.0,-18.7276051188,0.52333875568,6,750,537
36,1,500,BattleZone-v0,0.0,7000.0,1303.53817505,0.395241895641,9,750,530
37,1,500,DoubleDunk-v0,-4.0,2.0,-0.139622641509,0.963242487771,15,751,549
38,1,500,FishingDerby-v0,-24.0,-2.0,-18.8324225865,0.507234959297,27,751,538
39,1,500,Boxing-v0,-38.0,2.0,-10.9553903346,0.959566294919,11,751,542
40,1,500,BattleZone-v0,0.0,5000.0,1250.92250923,0.485838458385,6,751,537
41,1,500,BankHeist-v0,0.0,30.0,1.15456238361,0.0643722555579,15,750,555
42,1,500,Gravitar-v0,0.0,250.0,5.94594594595,0.0234474474474,6,751,544
43,1,500,Alien-v0,0.0,250.0,122.886029412,0.827244444444,4,751,548
44,1,500,Freeway-v0,0.0,5.0,0.0894160583942,0.0164152473642,6,750,545
45,1,500,Frostbite-v0,0.0,120.0,61.504587156,0.75927058557,11,750,538
46,2,500,Alien-v0,0.0,250.0,131.394052045,0.879898223874,28,750,550
47,2,500,FishingDerby-v0,-24.0,-2.0,-18.6709090909,0.527443025294,33,750,552
48,2,500,BattleZone-v0,0.0,5000.0,1644.92753623,0.638969404187,6,750,550
49,2,500,Centipede-v0,10.0,4507.0,1048.07818182,0.478136178489,11,751,534
50,2,500,Boxing-v0,-38.0,2.0,-10.6498127341,0.97399292551,6,751,535
51,2,500,Bowling-v0,0.0,19.0,0.0766355140187,0.00513170119922,30,750,531
52,2,500,Frostbite-v0,0.0,120.0,63.5969868173,0.781823254516,11,750,517
53,2,500,DoubleDunk-v0,-8.0,2.0,-0.147001934236,0.987990543735,17,751,527
54,2,500,ChopperCommand-v0,0.0,900.0,40.4174573055,0.0822316448151,6,751,525
55,2,500,Alien-v0,0.0,260.0,120.685714286,0.80479383864,11,750,524
56,2,500,Frostbite-v0,0.0,120.0,69.713740458,0.859791725568,11,750,533
57,2,500,Boxing-v0,-38.0,10.0,-11.1219512195,0.917682926829,17,750,518
58,2,500,BattleZone-v0,0.0,6000.0,1588.8030888,0.549692549693,6,750,512
59,2,500,ChopperCommand-v0,0.0,900.0,38.28125,0.0784465020576,15,751,521
60,2,500,Centipede-v0,0.0,3907.0,1112.86756238,0.565258570551,11,750,521
61,2,500,FishingDerby-v0,-24.0,-7.0,-18.7428023033,0.629712033095,35,751,518
62,2,500,Bowling-v0,0.0,10.0,0.102316602317,0.0168168168168,50,751,510
63,2,500,DoubleDunk-v0,-6.0,2.0,-0.117647058824,0.988235294118,6,751,509
64,2,500,Alien-v0,0.0,260.0,125.009823183,0.82216616356,28,750,510
65,2,500,Frostbite-v0,0.0,140.0,67.3333333333,0.795020230314,65,750,525
66,2,500,ChopperCommand-v0,0.0,800.0,29.5238095238,0.064708994709,29,750,512
67,2,500,Centipede-v0,0.0,3929.0,1147.984375,0.581227561771,11,751,498
68,2,500,BattleZone-v0,0.0,6000.0,1636.54618474,0.55431602955,32,751,509
69,2,500,FishingDerby-v0,-24.0,-6.0,-18.6601178782,0.611306496775,36,751,515
70,2,500,Bowling-v0,0.0,9.0,0.0407766990291,0.00709576890807,50,751,505
71,2,500,Boxing-v0,-38.0,5.0,-10.8574257426,0.963233240577,14,751,508
72,2,500,DoubleDunk-v0,-4.0,2.0,-0.0708661417323,0.974044911053,12,751,513
73,2,500,ChopperCommand-v0,0.0,700.0,62.962962963,0.15194953875,6,751,510
74,2,500,DoubleDunk-v0,-4.0,2.0,-0.0705882352941,0.975647542968,12,751,512
75,2,500,BattleZone-v0,0.0,6000.0,1494.140625,0.505015432099,32,751,514
76,2,500,Centipede-v0,0.0,3607.0,1190.49027237,0.643213166477,42,750,510
77,2,500,Alien-v0,0.0,390.0,130.019607843,0.669818474544,39,751,508
78,2,500,Bowling-v0,0.0,20.0,0.141732283465,0.0115310586177,54,751,504
79,2,500,Frostbite-v0,0.0,140.0,67.5595238095,0.797106144045,65,750,493
80,2,500,FishingDerby-v0,-24.0,-4.0,-18.5111561866,0.581978814514,6,750,489
81,2,500,Boxing-v0,-38.0,4.0,-10.4744376278,0.969509609494,17,750,501
82,2,500,Boxing-v0,-38.0,10.0,-9.95608782435,0.935453167739,17,750,520
83,2,500,Frostbite-v0,0.0,160.0,58.5192307692,0.640397970085,37,750,511
84,2,500,Bowling-v0,0.0,26.0,0.407045009785,0.0227268341072,47,751,507
85,2,500,FishingDerby-v0,-24.0,-4.0,-18.6587771203,0.569975893053,21,750,486
86,2,500,BattleZone-v0,0.0,6000.0,1576.13168724,0.544835644973,32,750,495
87,2,500,Centipede-v0,60.0,5021.0,1212.58383838,0.501022100099,26,750,479
88,2,500,Alien-v0,0.0,390.0,129.394572025,0.668880778511,39,750,481
89,2,500,ChopperCommand-v0,0.0,1000.0,49.0644490644,0.0911434511435,66,750,484
90,2,500,DoubleDunk-v0,-8.0,2.0,-0.099173553719,0.990560146924,12,750,493
91,3,500,Frostbite-v0,0.0,140.0,67.5456389452,0.794579900926,37,750,506
92,3,500,BattleZone-v0,0.0,6000.0,1689.72332016,0.579514956327,32,750,492
93,3,500,FishingDerby-v0,-24.0,-6.0,-18.6219512195,0.620540444088,33,751,491
94,3,500,Atlantis-v0,1500.0,5500.0,1533.60488798,0.0123398959041,38,750,496
95,3,500,BankHeist-v0,0.0,20.0,1.20967741935,0.078853046595,6,750,504
96,3,500,DoubleDunk-v0,-6.0,0.0,-0.123015873016,0.886341367823,12,750,499
97,3,500,Asteroids-v0,0.0,880.0,79.6993987976,0.207027921776,43,751,493
98,3,500,Boxing-v0,-38.0,10.0,-10.476673428,0.920299313851,64,751,483
99,3,500,Alien-v0,0.0,390.0,120.766045549,0.612829179161,39,751,498
100,3,500,Boxing-v0,-61.0,10.0,-9.19477911647,0.985587791887,64,751,489
101,3,500,Frostbite-v0,0.0,130.0,55.0102249489,0.663367255156,37,751,494
102,3,500,Atlantis-v0,1500.0,5900.0,1532.18623482,0.00998018462133,15,751,481
103,3,500,Asteroids-v0,0.0,1030.0,95.4677754678,0.213082678159,6,750,487
104,3,500,BankHeist-v0,0.0,60.0,1.72484599589,0.0586102872208,66,750,481
105,3,500,Alien-v0,0.0,390.0,128.399168399,0.65271765469,39,750,468
106,3,500,BattleZone-v0,0.0,6000.0,1423.07692308,0.47230136119,32,750,477
107,3,500,DoubleDunk-v0,-8.0,2.0,-0.171907756813,0.987132541346,12,750,489
108,3,500,FishingDerby-v0,-24.0,-8.0,-18.672801636,0.669776755283,33,751,495
109,3,500,Atlantis-v0,1000.0,5900.0,1558.58585859,0.267256394759,15,750,489
110,3,500,Alien-v0,0.0,390.0,125.623721881,0.640156942396,39,751,476
111,3,500,Boxing-v0,-38.0,10.0,-9.80042016807,0.929065839299,64,750,471
112,3,500,Frostbite-v0,0.0,160.0,65.0106157113,0.721308091531,37,751,470
113,3,500,BankHeist-v0,0.0,60.0,1.57446808511,0.05085369057,66,751,464
114,3,500,BattleZone-v0,0.0,6000.0,1579.74137931,0.537888463176,32,750,464
115,3,500,DoubleDunk-v0,-4.0,2.0,-0.0689655172414,0.974882928906,12,750,467
116,3,500,Asteroids-v0,0.0,1030.0,109.593147752,0.244902519593,18,751,469
117,3,500,FishingDerby-v0,-24.0,-12.0,-18.697228145,0.787675379715,33,750,480
118,3,500,BattleZone-v0,0.0,6000.0,1533.33333333,0.522839506173,32,750,466
119,3,500,Asteroids-v0,0.0,1280.0,156.459227468,0.273400942939,73,750,472
120,3,500,Frostbite-v0,0.0,120.0,68.5169491525,0.849131617493,84,751,455
121,3,500,Boxing-v0,-38.0,10.0,-9.94285714286,0.924711708045,64,751,472
122,3,500,Alien-v0,0.0,390.0,127.775423729,0.643308805412,39,750,476
123,3,500,BankHeist-v0,0.0,20.0,1.49159663866,0.078431372549,66,750,473
124,3,500,Atlantis-v0,900.0,8100.0,1572.51585624,0.224982381959,39,751,475
125,3,500,FishingDerby-v0,-24.0,-12.0,-18.8168421053,0.780714749838,53,751,466
126,3,500,DoubleDunk-v0,-6.0,2.0,-0.0729613733906,0.99356223176,12,750,472
127,3,500,Boxing-v0,-47.0,14.0,-9.21822033898,0.951554039247,160,750,471
128,3,500,BankHeist-v0,0.0,60.0,1.71974522293,0.0566171266808,66,750,472
129,3,500,Frostbite-v0,0.0,160.0,56.8220338983,0.63059086629,37,750,467
130,3,500,DoubleDunk-v0,-8.0,2.0,-0.0942184154176,0.990226029027,12,750,475
131,3,500,BattleZone-v0,0.0,7000.0,1591.57894737,0.481203007519,40,751,463
132,3,500,FishingDerby-v0,-24.0,-3.0,-18.7257019438,0.54238926192,6,751,471
133,3,500,Alien-v0,0.0,390.0,130.297239915,0.666941811261,39,750,476
134,3,500,Asteroids-v0,0.0,860.0,153.697478992,0.368865195258,45,751,476
135,3,500,Atlantis-v0,600.0,5500.0,1567.22689076,0.44183582082,78,751,478
136,4,500,Freeway-v0,0.0,5.0,0.010460251046,0.00185960018596,19,750,472
137,4,500,Frostbite-v0,0.0,120.0,66.186440678,0.812356141452,51,751,470
138,4,500,FishingDerby-v0,-24.0,-2.0,-18.614893617,0.53023855577,33,751,466
139,4,500,Alien-v0,0.0,390.0,135.922746781,0.677768591491,39,751,470
140,4,500,Centipede-v0,0.0,4210.0,1126.3787234,0.524745902532,30,750,450
141,4,500,Boxing-v0,-38.0,14.0,-8.52888888889,0.90911534809,160,750,453
142,4,500,BattleZone-v0,0.0,7000.0,1452.53863135,0.436415331401,40,751,461
143,4,500,ChopperCommand-v0,0.0,1200.0,88.0694143167,0.126456174179,103,751,458
144,4,500,DoubleDunk-v0,-6.0,2.0,-0.152838427948,0.987142163998,12,750,451
145,4,500,FishingDerby-v0,-24.0,-12.0,-18.9578713969,0.763242177876,71,750,448
146,4,500,ChopperCommand-v0,0.0,1100.0,145.089285714,0.226452840089,103,750,445
147,4,500,Centipede-v0,0.0,4932.0,1149.67865169,0.479004786337,5,750,441
148,4,500,BattleZone-v0,0.0,7000.0,1428.57142857,0.417686046452,40,751,449
149,4,500,Alien-v0,0.0,380.0,135.879732739,0.685839946641,39,751,448
150,4,500,Freeway-v0,0.0,5.0,0.0223214285714,0.00396825396825,94,750,452
151,4,500,Frostbite-v0,0.0,160.0,64.0486725664,0.710315265487,102,750,453
152,4,500,DoubleDunk-v0,-4.0,2.0,-0.105960264901,0.968468100183,12,750,450
153,4,500,Boxing-v0,-38.0,14.0,-7.89555555556,0.918414785594,160,750,458
154,4,500,FishingDerby-v0,-24.0,-12.0,-18.8384279476,0.775243948461,33,750,458
155,4,500,ChopperCommand-v0,0.0,1200.0,170.305676856,0.247290959081,103,751,447
156,4,500,DoubleDunk-v0,-8.0,2.0,-0.0939597315436,0.991339796172,12,750,433
157,4,500,Centipede-v0,10.0,4121.0,1191.92378753,0.554591657682,26,751,444
158,4,500,Alien-v0,0.0,390.0,143.828828829,0.69039716903,39,751,447
159,4,500,Freeway-v0,0.0,5.0,0.0447427293065,0.00795426298782,19,750,440
160,4,500,Frostbite-v0,0.0,160.0,64.5,0.717929292929,24,750,448
161,4,500,Boxing-v0,-39.0,14.0,-8.27008928571,0.909002102087,160,750,440
162,4,500,BattleZone-v0,0.0,7000.0,1581.81818182,0.478416821274,103,751,446
163,4,500,Centipede-v0,0.0,4006.0,1358.82511211,0.635349419068,69,751,439
164,4,500,BattleZone-v0,0.0,7000.0,1742.59681093,0.527068838165,190,751,444
165,4,500,Freeway-v0,0.0,5.0,0.0675675675676,0.012012012012,19,751,439
166,4,500,Boxing-v0,-38.0,15.0,-6.85421412301,0.931658455092,49,751,443
167,4,500,ChopperCommand-v0,0.0,1200.0,173.137697517,0.246774238497,103,750,435
168,4,500,Frostbite-v0,0.0,110.0,60.6436781609,0.758565804334,59,751,441
169,4,500,DoubleDunk-v0,-4.0,2.0,-0.1179138322,0.968393941939,12,751,446
170,4,500,FishingDerby-v0,-24.0,-12.0,-18.798206278,0.783369318496,123,750,432
171,4,500,Alien-v0,0.0,320.0,147.546296296,0.783564814815,60,750,438
172,4,500,Alien-v0,0.0,330.0,164.452054795,0.825335593843,124,750,432
173,4,500,BattleZone-v0,0.0,7000.0,1692.12962963,0.500083984211,190,750,427
174,4,500,Boxing-v0,-38.0,15.0,-5.7962529274,0.933973519375,49,751,423
175,4,500,DoubleDunk-v0,-4.0,2.0,-0.108747044917,0.968741791437,12,750,421
176,4,500,Freeway-v0,0.0,5.0,0.0308788598575,0.00650303510161,11,751,442
177,4,500,Frostbite-v0,0.0,160.0,69.7058823529,0.772891528406,34,750,442
178,4,500,Centipede-v0,11.0,4932.0,1321.14027149,0.538732558787,56,750,437
179,4,500,FishingDerby-v0,-24.0,-5.0,-18.6933638444,0.58563768609,125,750,440
180,4,500,ChopperCommand-v0,0.0,1200.0,225.0,0.308136924804,103,751,445
181,5,500,BankHeist-v0,0.0,60.0,1.32584269663,0.0395061728395,93,751,437
182,5,500,Gravitar-v0,0.0,350.0,14.6453089245,0.062267469917,92,750,433
183,5,500,Boxing-v0,-38.0,13.0,-6.1870669746,0.945324023636,49,751,434
184,5,500,Alien-v0,0.0,390.0,153.594470046,0.718294786119,39,750,436
185,5,500,DoubleDunk-v0,-4.0,0.0,-0.0779816513761,0.884811416922,6,750,438
186,5,500,Frostbite-v0,0.0,160.0,70.2739726027,0.775336123795,37,751,437
187,5,500,FishingDerby-v0,-24.0,-5.0,-18.8032036613,0.577321097919,56,751,432
188,5,500,Hero-v0,0.0,2770.0,19.1087962963,0.00642445994124,73,750,438
189,5,500,Centipede-v0,0.0,4932.0,1362.98630137,0.554125901679,56,751,440
190,5,500,Centipede-v0,0.0,4932.0,1645.09090909,0.645416822696,56,750,435
191,5,500,FishingDerby-v0,-24.0,-5.0,-18.7333333333,0.581379239589,56,751,436
192,5,500,BankHeist-v0,0.0,20.0,0.756880733945,0.0448521916412,56,750,443
193,5,500,DoubleDunk-v0,-4.0,2.0,-0.0812641083521,0.97383161943,39,750,451
194,5,500,Gravitar-v0,0.0,350.0,20.066518847,0.0919900850214,92,750,440
195,5,500,Frostbite-v0,0.0,160.0,61.0909090909,0.670391414141,37,751,440
196,5,500,Boxing-v0,-38.0,15.0,-5.47727272727,0.950263043392,49,751,452
197,5,500,Hero-v0,0.0,2770.0,18.4955752212,0.00628184910529,59,750,455
198,5,500,Alien-v0,0.0,330.0,134.769230769,0.724493912373,88,751,447
199,5,500,Gravitar-v0,0.0,350.0,17.5615212528,0.0799890425969,92,750,443
200,5,500,FishingDerby-v0,-24.0,-5.0,-18.6636568849,0.588950098902,56,750,430
201,5,500,Alien-v0,0.0,390.0,139.720930233,0.671762593289,39,750,433
202,5,500,Frostbite-v0,0.0,160.0,73.3025404157,0.808923530921,44,750,456
203,5,500,Centipede-v0,60.0,4032.0,1428.44517544,0.627889955192,109,751,445
204,5,500,Hero-v0,0.0,2770.0,24.7865168539,0.00816638756612,73,751,440
205,5,500,BankHeist-v0,0.0,20.0,0.681818181818,0.0383838383838,49,751,446
206,5,500,Boxing-v0,-38.0,15.0,-5.90358744395,0.943121999311,49,750,436
207,5,500,DoubleDunk-v0,-6.0,2.0,-0.0688073394495,0.994138634047,12,751,436
208,5,500,Boxing-v0,-38.0,26.0,-4.83027522936,0.891538847477,59,750,437
209,5,500,Gravitar-v0,0.0,350.0,20.2517162471,0.0931106233493,92,750,432
210,5,500,DoubleDunk-v0,-4.0,2.0,-0.0509259259259,0.977366255144,12,751,435
211,5,500,Centipede-v0,0.0,4122.0,1480.66436782,0.65151758068,142,750,426
212,5,500,FishingDerby-v0,-24.0,-5.0,-18.7605633803,0.582096043998,56,751,435
213,5,500,Frostbite-v0,0.0,160.0,65.724137931,0.720992975734,108,751,430
214,5,500,BankHeist-v0,0.0,20.0,1.09302325581,0.0744186046512,73,750,437
215,5,500,Hero-v0,0.0,2770.0,6.51029748284,0.00219631067908,78,751,432
216,5,500,Alien-v0,0.0,390.0,137.314814815,0.675903604679,39,751,418
217,5,500,Frostbite-v0,0.0,160.0,69.976076555,0.761047979798,38,750,431
218,5,500,DoubleDunk-v0,-6.0,2.0,-0.0556844547564,0.994328435164,12,750,425
219,5,500,Hero-v0,0.0,2770.0,19.4352941176,0.00631089965473,73,751,428
220,5,500,Alien-v0,0.0,390.0,141.892523364,0.691203729306,39,751,434
221,5,500,Boxing-v0,-38.0,26.0,-5.59907834101,0.871373767921,59,750,441
222,5,500,BankHeist-v0,0.0,20.0,0.839002267574,0.0524061476442,49,751,429
223,5,500,Gravitar-v0,0.0,350.0,21.6783216783,0.093451522023,91,750,422
224,5,500,Centipede-v0,30.0,4032.0,1481.77014218,0.649961988212,108,750,421
225,5,500,FishingDerby-v0,-24.0,-5.0,-18.8408551069,0.574223824762,56,751,422
226,6,1000,Alien-v0,0.0,440.0,158.056872038,0.658458779958,56,750,424
227,6,1000,Freeway-v0,0.0,9.0,0.188679245283,0.0190490980149,67,751,423
228,6,1000,Asteroids-v0,20.0,1730.0,362.080378251,0.410344306165,87,751,411
229,6,1000,Frostbite-v0,0.0,160.0,69.1240875912,0.763939578264,108,750,417
230,6,1000,Boxing-v0,-89.0,7.0,-21.7410071942,0.973814004352,85,750,416
231,6,1000,Centipede-v0,70.0,6423.0,3092.93509615,0.756116436619,38,750,408
232,6,1000,DoubleDunk-v0,-14.0,0.0,-0.117647058824,0.884976212707,11,751,401
233,6,1000,FishingDerby-v0,-47.0,-30.0,-45.7431421446,0.172517571891,111,751,408
234,6,1000,BattleZone-v0,0.0,11000.0,2607.84313725,0.496155854445,60,750,413
235,6,1000,BattleZone-v0,0.0,12000.0,3016.94915254,0.534062714854,44,751,396
236,6,1000,DoubleDunk-v0,-6.0,0.0,-0.040404040404,0.887891258262,103,751,393
237,6,1000,Freeway-v0,0.0,9.0,0.137404580153,0.0135708227311,67,751,402
238,6,1000,FishingDerby-v0,-48.0,-32.0,-45.5895522388,0.334110696517,5,750,407
239,6,1000,Centipede-v0,110.0,8455.0,3135.35872236,0.667745856081,88,750,407
240,6,1000,Boxing-v0,-71.0,18.0,-21.4226044226,0.901161597033,97,750,400
241,6,1000,Alien-v0,0.0,410.0,145.425,0.63675986516,59,750,400
242,6,1000,Asteroids-v0,20.0,1280.0,278.25,0.401211052322,50,750,395
243,6,1000,Frostbite-v0,0.0,190.0,69.8734177215,0.680616041547,187,751,390
244,6,1000,Alien-v0,0.0,860.0,169.794871795,0.434146739825,107,751,392
245,6,1000,BattleZone-v0,0.0,12000.0,2918.36734694,0.51064499874,93,750,387
246,6,1000,FishingDerby-v0,-46.0,-29.0,-45.5245478036,0.049084679218,59,751,387
247,6,1000,Freeway-v0,0.0,9.0,0.46511627907,0.0459374102785,67,750,396
248,6,1000,Asteroids-v0,20.0,1360.0,315.47979798,0.436820370733,30,751,403
249,6,1000,Frostbite-v0,0.0,160.0,68.8337468983,0.732147780535,190,751,402
250,6,1000,Centipede-v0,55.0,7390.0,3072.25124378,0.714251736309,56,751,400
251,6,1000,Boxing-v0,-73.0,10.0,-20.2925,0.941369655328,84,750,394
252,6,1000,DoubleDunk-v0,-10.0,0.0,-0.208121827411,0.893491257755,15,750,393
253,6,1000,Centipede-v0,115.0,6967.0,3185.82442748,0.741032450917,94,750,400
254,6,1000,Asteroids-v0,20.0,1610.0,281.575,0.348181110979,30,750,391
255,6,1000,Freeway-v0,0.0,9.0,0.437340153453,0.0460007227081,67,751,391
256,6,1000,Boxing-v0,-70.0,11.0,-17.5345268542,0.930748267976,88,750,396
257,6,1000,BattleZone-v0,0.0,11000.0,2502.52525253,0.442051367671,93,750,397
258,6,1000,FishingDerby-v0,-48.0,-24.0,-45.5214105793,0.242062381441,21,750,380
259,6,1000,Frostbite-v0,0.0,160.0,62.5263157895,0.677302631579,32,751,384
260,6,1000,Alien-v0,0.0,390.0,165.442708333,0.742723780651,81,750,381
261,6,1000,DoubleDunk-v0,-4.0,0.0,-0.183727034121,0.879556722076,102,751,390
262,6,1000,BattleZone-v0,0.0,18000.0,3035.8974359,0.370750237417,43,750,382
263,6,1000,Centipede-v0,110.0,6240.0,3133.20942408,0.759538056093,272,751,375
264,6,1000,DoubleDunk-v0,-2.0,0.0,-0.0746666666667,0.855703703704,103,751,385
265,6,1000,Alien-v0,0.0,440.0,149.61038961,0.64957962148,103,750,367
266,6,1000,Asteroids-v0,20.0,1540.0,274.114441417,0.352683659529,88,750,380
267,6,1000,FishingDerby-v0,-46.0,-28.0,-45.5473684211,0.0415854450942,26,751,378
268,6,1000,Boxing-v0,-70.0,8.0,-16.537037037,0.951495059757,135,750,387
269,6,1000,Frostbite-v0,0.0,160.0,63.5917312661,0.692057852426,32,751,384
270,6,1000,Freeway-v0,0.0,9.0,0.583333333333,0.0619570187471,67,750,386
271,7,1000,Atlantis-v0,1500.0,10100.0,1575.12953368,0.011613740082,117,751,386
272,7,1000,Hero-v0,0.0,2820.0,84.4559585492,0.0353671704153,47,750,392
273,7,1000,Alien-v0,0.0,470.0,152.959183673,0.634247240469,154,750,383
274,7,1000,Boxing-v0,-59.0,13.0,-12.0626631854,0.929701798307,107,750,382
275,7,1000,Centipede-v0,85.0,6496.0,3084.51832461,0.74105027081,71,751,389
276,7,1000,Frostbite-v0,0.0,160.0,70.1542416452,0.763763924593,32,750,379
277,7,1000,DoubleDunk-v0,-10.0,0.0,-0.163588390501,0.888607446497,68,750,377
278,7,1000,BankHeist-v0,0.0,40.0,2.57294429708,0.121721190687,44,750,385
279,7,1000,BattleZone-v0,0.0,15000.0,3672.72727273,0.492277697611,45,751,381
280,7,1000,Alien-v0,0.0,470.0,153.543307087,0.642899266383,154,751,375
281,7,1000,Hero-v0,0.0,2820.0,96.0,0.0449876766762,64,751,390
282,7,1000,BattleZone-v0,0.0,15000.0,4361.53846154,0.557938588161,94,750,394
283,7,1000,Centipede-v0,101.0,7445.0,3740.86294416,0.822417119902,45,750,387
284,7,1000,Atlantis-v0,1500.0,4500.0,1507.75193798,0.00229687051392,117,750,381
285,7,1000,Boxing-v0,-59.0,13.0,-7.92913385827,0.953436376009,107,751,387
286,7,1000,DoubleDunk-v0,-2.0,0.0,-0.046511627907,0.868217054264,92,750,387
287,7,1000,BankHeist-v0,0.0,70.0,2.8165374677,0.0837654613956,107,750,379
288,7,1000,Frostbite-v0,0.0,160.0,70.6596306069,0.756706244503,144,751,385
289,7,1000,Centipede-v0,60.0,7898.0,3448.77402597,0.74265588847,97,750,380
290,7,1000,Atlantis-v0,1500.0,10000.0,1546.84210526,0.00796131042716,117,750,374
291,7,1000,DoubleDunk-v0,-4.0,0.0,-0.0855614973262,0.884135472371,11,751,382
292,7,1000,Alien-v0,0.0,900.0,144.816753927,0.372368086527,142,751,380
293,7,1000,Frostbite-v0,0.0,160.0,74.9473684211,0.81706871345,144,751,377
294,7,1000,Hero-v0,0.0,2770.0,51.5649867374,0.0397359011883,62,750,381
295,7,1000,BankHeist-v0,0.0,50.0,3.51706036745,0.130463692038,95,751,377
296,7,1000,Boxing-v0,-59.0,11.0,-7.11671087533,0.949081001101,44,750,377
297,7,1000,BattleZone-v0,0.0,19000.0,5376.65782493,0.545604319795,49,751,373
298,7,1000,BankHeist-v0,0.0,60.0,4.55764075067,0.153841061795,44,750,368
299,7,1000,Hero-v0,0.0,2770.0,66.4130434783,0.053381236415,62,751,382
300,7,1000,Boxing-v0,-69.0,17.0,-4.47905759162,0.977959250964,51,750,377
301,7,1000,Atlantis-v0,1500.0,10100.0,1543.23607427,0.00561458811025,117,750,374
302,7,1000,BattleZone-v0,0.0,19000.0,5197.86096257,0.536806882578,49,751,380
303,7,1000,DoubleDunk-v0,-2.0,0.0,-0.0526315789474,0.865497076023,92,751,375
304,7,1000,Frostbite-v0,0.0,160.0,73.9733333333,0.796259259259,108,750,380
305,7,1000,Centipede-v0,66.0,7898.0,3614.95,0.774104410381,97,751,376
306,7,1000,Alien-v0,0.0,900.0,135.39893617,0.352182821119,142,750,372
307,7,1000,Atlantis-v0,1500.0,14200.0,1603.76344086,0.01081335496,117,751,380
308,7,1000,Frostbite-v0,0.0,160.0,69.7368421053,0.74389619883,5,750,371
309,7,1000,Hero-v0,0.0,2770.0,55.781671159,0.0480693280311,62,751,382
310,7,1000,BattleZone-v0,0.0,19000.0,5732.98429319,0.581140552308,49,751,379
311,7,1000,BankHeist-v0,0.0,70.0,3.72031662269,0.109465773996,45,751,372
312,7,1000,Centipede-v0,55.0,7959.0,3613.22311828,0.758699525501,209,751,382
313,7,1000,DoubleDunk-v0,-4.0,0.0,-0.0785340314136,0.884235020361,33,751,380
314,7,1000,Alien-v0,0.0,900.0,131.342105263,0.343299400765,142,751,377
315,7,1000,Boxing-v0,-76.0,17.0,-6.9151193634,0.969312913145,51,750,377
316,8,1000,Alien-v0,0.0,900.0,137.984084881,0.360010333548,142,750,379
317,8,1000,Freeway-v0,0.0,9.0,0.0712401055409,0.00703605980651,103,750,381
318,8,1000,ChopperCommand-v0,0.0,1200.0,56.4304461942,0.0829201905317,157,750,387
319,8,1000,Centipede-v0,55.0,7959.0,3679.98191214,0.77780963539,209,751,386
320,8,1000,BattleZone-v0,0.0,19000.0,5126.94300518,0.534260840721,49,750,375
321,8,1000,Frostbite-v0,0.0,160.0,70.48,0.768907407407,50,751,385
322,8,1000,Bowling-v0,0.0,15.0,0.171428571429,0.014961038961,101,750,388
323,8,1000,DoubleDunk-v0,-10.0,0.0,-0.113402061856,0.886139747995,33,751,378
324,8,1000,Boxing-v0,-71.0,17.0,-7.95767195767,0.958415322052,168,750,383
325,8,1000,Centipede-v0,66.0,8266.0,3971.09138381,0.80559993511,93,750,377
326,8,1000,Bowling-v0,0.0,29.0,0.15649867374,0.00795931190781,210,750,378
327,8,1000,Boxing-v0,-59.0,17.0,-6.44973544974,0.950084763566,51,750,374
328,8,1000,Frostbite-v0,0.0,160.0,75.0802139037,0.831068033274,5,750,382
329,8,1000,Freeway-v0,0.0,9.0,0.0235602094241,0.00232693426411,67,751,390
330,8,1000,Alien-v0,0.0,900.0,138.692307692,0.361493862333,142,751,385
331,8,1000,ChopperCommand-v0,0.0,1200.0,65.1948051948,0.0896905563572,157,750,389
332,8,1000,DoubleDunk-v0,-4.0,2.0,-0.0514138817481,0.978006283919,36,750,382
333,8,1000,BattleZone-v0,0.0,19000.0,5280.10471204,0.542214358345,49,751,380
334,8,1000,Centipede-v0,110.0,8266.0,3778.13157895,0.769779136589,93,751,385
335,8,1000,ChopperCommand-v0,0.0,800.0,56.6233766234,0.118326118326,142,750,382
336,8,1000,Boxing-v0,-70.0,17.0,-9.17015706806,0.939184670702,51,750,380
337,8,1000,BattleZone-v0,0.0,19000.0,5747.36842105,0.589058981711,49,750,372
338,8,1000,Alien-v0,0.0,900.0,135.64516129,0.354403882178,142,751,373
339,8,1000,Frostbite-v0,0.0,160.0,73.9678284182,0.807882782246,5,750,383
340,8,1000,Freeway-v0,0.0,9.0,0.0704960835509,0.00696257615318,67,751,377
341,8,1000,DoubleDunk-v0,-6.0,2.0,-0.0822281167109,0.99078986148,36,751,380
342,8,1000,Bowling-v0,0.0,50.0,0.447368421053,0.0155171929825,187,751,383
343,8,1000,Frostbite-v0,0.0,160.0,73.498694517,0.796725413403,118,751,381
344,8,1000,Alien-v0,0.0,900.0,133.569553806,0.3476312786,142,750,386
345,8,1000,Centipede-v0,60.0,9503.0,3586.39119171,0.693975550783,180,751,388
346,8,1000,DoubleDunk-v0,-2.0,0.0,-0.0463917525773,0.868270332188,36,750,382
347,8,1000,ChopperCommand-v0,0.0,1300.0,75.9162303665,0.108250634227,158,750,364
348,8,1000,Freeway-v0,0.0,9.0,0.17032967033,0.0173050543421,67,750,372
349,8,1000,Bowling-v0,0.0,29.0,0.435483870968,0.0254291344008,178,751,373
350,8,1000,BattleZone-v0,0.0,19000.0,4627.3458445,0.476866876754,49,750,375
351,8,1000,Boxing-v0,-56.0,18.0,-4.96,0.964541622704,51,751,375
352,8,1000,Centipede-v0,115.0,9503.0,4076.83466667,0.770562305014,180,750,369
353,8,1000,Boxing-v0,-70.0,18.0,-4.41463414634,0.974062502333,62,750,369
354,8,1000,ChopperCommand-v0,0.0,1100.0,65.8536585366,0.103384174338,201,751,373
355,8,1000,BattleZone-v0,0.0,19000.0,5447.72117962,0.566182871694,49,751,370
356,8,1000,Bowling-v0,0.0,48.0,1.82432432432,0.0686874374374,173,751,362
357,8,1000,Frostbite-v0,0.0,160.0,72.679558011,0.766440300798,118,750,367
358,8,1000,Freeway-v0,0.0,9.0,0.0490463215259,0.00484408113836,67,750,366
359,8,1000,Alien-v0,0.0,390.0,125.983606557,0.645817091382,142,751,369
360,8,1000,DoubleDunk-v0,-18.0,2.0,-0.151761517615,0.957591087022,36,751,377
361,9,1000,BattleZone-v0,0.0,14000.0,5549.07161804,0.6855891782,49,750,378
362,9,1000,Hero-v0,0.0,2820.0,65.9920634921,0.0567193584899,44,751,380
363,9,1000,Atlantis-v0,1500.0,3800.0,1515.0,0.00926386539758,229,750,376
364,9,1000,Frostbite-v0,0.0,200.0,72.5265957447,0.689940898345,49,750,359
365,9,1000,Centipede-v0,55.0,9503.0,3797.32311978,0.728375838207,180,751,374
366,9,1000,Alien-v0,0.0,900.0,131.390374332,0.34391496666,142,750,369
367,9,1000,DoubleDunk-v0,-10.0,2.0,-0.0542005420054,0.984710094015,36,750,375
368,9,1000,Asteroids-v0,40.0,1540.0,223.626666667,0.276959552263,88,750,361
369,9,1000,Boxing-v0,-59.0,18.0,-6.42105263158,0.958451141421,62,751,367
370,9,1000,Boxing-v0,-70.0,18.0,-3.58310626703,0.976285645656,43,750,361
371,9,1000,Hero-v0,0.0,3095.0,67.3684210526,0.0523019731423,90,751,366
372,9,1000,DoubleDunk-v0,-4.0,2.0,-0.0382513661202,0.979828644674,36,751,365
373,9,1000,Frostbite-v0,0.0,200.0,75.0684931507,0.717077625571,49,750,367
374,9,1000,BattleZone-v0,0.0,19000.0,5572.20708447,0.56512714455,49,751,359
375,9,1000,Centipede-v0,55.0,6871.0,3666.71866295,0.821163611081,155,750,362
376,9,1000,Asteroids-v0,20.0,1540.0,223.535911602,0.308627473987,88,750,361
377,9,1000,Alien-v0,0.0,900.0,133.545706371,0.348777857574,142,750,365
378,9,1000,Atlantis-v0,1500.0,8400.0,1538.90410959,0.0090056928168,43,750,352
379,9,1000,Asteroids-v0,40.0,1540.0,246.306818182,0.31131627385,88,750,352
380,9,1000,Atlantis-v0,1500.0,8400.0,1544.88636364,0.00887365569155,43,750,354
381,9,1000,Hero-v0,0.0,3095.0,74.5480225989,0.0491791582851,90,750,359
382,9,1000,Centipede-v0,125.0,5885.0,3834.82729805,0.869066867891,48,751,357
383,9,1000,Boxing-v0,-70.0,18.0,-5.85434173669,0.970630676513,62,750,372
384,9,1000,Alien-v0,0.0,900.0,132.446236559,0.347073764326,142,751,361
385,9,1000,DoubleDunk-v0,-6.0,2.0,-0.1108033241,0.989535241613,36,750,371
386,9,1000,BattleZone-v0,0.0,19000.0,5393.5309973,0.550459233154,49,750,369
387,9,1000,Frostbite-v0,0.0,200.0,73.0081300813,0.706678711232,49,750,368
388,9,1000,Alien-v0,0.0,900.0,139.239130435,0.36271962784,142,750,356
389,9,1000,DoubleDunk-v0,-8.0,0.0,-0.112359550562,0.888264669164,36,751,358
390,9,1000,Boxing-v0,-70.0,18.0,-5.55027932961,0.969376984677,62,750,365
391,9,1000,Atlantis-v0,1500.0,8400.0,1554.79452055,0.0112000823535,43,750,355
392,9,1000,Frostbite-v0,0.0,200.0,69.7464788732,0.675330203443,49,751,359
393,9,1000,Hero-v0,0.0,3060.0,81.9359331476,0.0564972094275,90,750,354
394,9,1000,Asteroids-v0,20.0,1180.0,216.242937853,0.378838228785,92,751,344
395,9,1000,BattleZone-v0,0.0,19000.0,5337.20930233,0.540617148747,57,751,354
396,9,1000,Centipede-v0,55.0,6959.0,3699.85875706,0.824039581143,61,750,353
397,9,1000,Asteroids-v0,60.0,1180.0,231.218130312,0.344383740276,92,750,351
398,9,1000,Frostbite-v0,0.0,200.0,73.0484330484,0.700145615701,54,751,360
399,9,1000,Hero-v0,0.0,3095.0,90.3055555556,0.0583384846025,90,750,349
400,9,1000,Centipede-v0,115.0,7592.0,3980.65329513,0.844496613822,61,750,348
401,9,1000,Atlantis-v0,1500.0,6200.0,1526.72413793,0.00827336444951,64,751,351
402,9,1000,DoubleDunk-v0,-10.0,2.0,-0.153846153846,0.983714959024,36,750,357
403,9,1000,Alien-v0,0.0,900.0,128.039215686,0.333964257857,142,750,360
404,9,1000,Boxing-v0,-70.0,18.0,-5.92222222222,0.970847362514,62,750,360
405,9,1000,BattleZone-v0,0.0,19000.0,5733.33333333,0.580335829828,49,750,351
406,10,1000,ChopperCommand-v0,0.0,800.0,57.264957265,0.108974358974,142,751,352
407,10,1000,Alien-v0,0.0,900.0,130.454545455,0.339668287816,142,750,349
408,10,1000,Boxing-v0,-59.0,18.0,-4.83954154728,0.963054856554,62,751,350
409,10,1000,FishingDerby-v0,-48.0,-34.0,-45.8342857143,0.359235503725,34,750,357
410,10,1000,Centipede-v0,115.0,6959.0,3581.10644258,0.78388695017,61,750,353
411,10,1000,Frostbite-v0,0.0,200.0,68.1869688385,0.655775889204,49,751,357
412,10,1000,BattleZone-v0,0.0,19000.0,5394.95798319,0.549885204928,44,751,347
413,10,1000,Bowling-v0,0.0,28.0,0.35734870317,0.0209113424428,179,751,351
414,10,1000,DoubleDunk-v0,-12.0,0.0,-0.188034188034,0.891984101861,11,751,352
415,10,1000,FishingDerby-v0,-46.0,-32.0,-45.7982954545,0.0249433106576,44,751,356
416,10,1000,ChopperCommand-v0,0.0,1300.0,98.0337078652,0.143444954162,184,751,357
417,10,1000,Bowling-v0,0.0,28.0,0.383753501401,0.0241302870354,179,751,357
418,10,1000,Centipede-v0,55.0,7271.0,3528.44817927,0.765631153123,50,750,349
419,10,1000,Boxing-v0,-70.0,19.0,-6.92836676218,0.969135961009,75,750,350
420,10,1000,BattleZone-v0,0.0,19000.0,5937.14285714,0.595889724311,49,751,353
421,10,1000,Alien-v0,0.0,900.0,133.626062323,0.349647660461,142,750,340
422,10,1000,Frostbite-v0,0.0,200.0,71.5588235294,0.693346405229,49,750,340
423,10,1000,DoubleDunk-v0,-12.0,2.0,-0.182352941176,0.974843270642,36,751,336
424,10,1000,DoubleDunk-v0,-2.0,2.0,-0.047619047619,0.865079365079,36,750,351
425,10,1000,Centipede-v0,55.0,7271.0,3492.42450142,0.755830555231,50,751,346
426,10,1000,Alien-v0,0.0,900.0,131.416184971,0.342232054362,142,750,345
427,10,1000,Frostbite-v0,0.0,160.0,74.6376811594,0.805052334944,15,751,357
428,10,1000,ChopperCommand-v0,0.0,1300.0,55.1820728291,0.0797499802025,72,750,351
429,10,1000,Bowling-v0,0.0,28.0,1.09116809117,0.0653203351616,179,751,358
430,10,1000,Boxing-v0,-73.0,12.0,-8.16759776536,0.948910840051,174,751,350
431,10,1000,FishingDerby-v0,-46.0,-32.0,-45.7685714286,0.0324457402008,165,750,353
432,10,1000,BattleZone-v0,0.0,19000.0,5252.12464589,0.535608690231,49,750,366
433,10,1000,Frostbite-v0,0.0,200.0,73.9071038251,0.705828779599,49,750,364
434,10,1000,FishingDerby-v0,-46.0,-18.0,-45.7005494505,0.0205888216092,5,751,368
435,10,1000,DoubleDunk-v0,-6.0,2.0,-0.141304347826,0.986714975845,36,751,378
436,10,1000,Alien-v0,0.0,900.0,130.264550265,0.339976048947,142,751,363
437,10,1000,ChopperCommand-v0,0.0,1300.0,78.7878787879,0.113395022486,184,750,369
438,10,1000,BattleZone-v0,0.0,19000.0,4737.12737127,0.487441205591,49,751,365
439,10,1000,Boxing-v0,-96.0,12.0,-5.88219178082,0.964114224151,75,750,365
440,10,1000,Bowling-v0,0.0,40.0,1.51780821918,0.0611324200913,175,750,361
441,10,1000,Centipede-v0,115.0,8178.0,3543.40443213,0.733425357568,50,750,361
442,10,1000,ChopperCommand-v0,0.0,1300.0,81.163434903,0.117913386185,184,750,363
443,10,1000,Alien-v0,0.0,900.0,126.666666667,0.32869933907,142,751,365
444,10,1000,Frostbite-v0,0.0,200.0,71.2876712329,0.679403348554,49,751,363
445,10,1000,Centipede-v0,101.0,8178.0,3862.90082645,0.789681568333,207,750,359
446,10,1000,Bowling-v0,0.0,40.0,2.23676880223,0.0929526462396,175,751,360
447,10,1000,FishingDerby-v0,-46.0,-18.0,-45.7055555556,0.0192743764172,10,750,370
448,10,1000,DoubleDunk-v0,-6.0,2.0,-0.0918918918919,0.992492492492,36,750,365
449,10,1000,BattleZone-v0,0.0,19000.0,5690.4109589,0.576211015402,49,751,364
450,10,1000,Boxing-v0,-89.0,19.0,-4.73076923077,0.981339115084,75,751,358
451,11,2000,Centipede-v0,160.0,12972.0,6528.07541899,0.783012001461,183,751,354
452,11,2000,Freeway-v0,0.0,16.0,0.045197740113,0.00251098556183,44,751,349
453,11,2000,Frostbite-v0,0.0,200.0,69.4842406877,0.666220948742,49,750,350
454,11,2000,Asteroids-v0,80.0,1780.0,230.857142857,0.202046245949,56,750,355
455,11,2000,Gravitar-v0,0.0,500.0,3.80281690141,0.0113176838811,44,750,361
456,11,2000,Boxing-v0,-100.0,9.0,-17.3628808864,0.938613757455,47,751,356
457,11,2000,DoubleDunk-v0,-18.0,0.0,-0.168539325843,0.890800080147,11,751,358
458,11,2000,Alien-v0,0.0,380.0,137.011173184,0.712298240456,142,750,351
459,11,2000,BattleZone-v0,0.0,22000.0,7441.5954416,0.625263251526,46,750,355
460,11,2000,Centipede-v0,160.0,11368.0,6425.92676056,0.802211567939,45,751,355
461,11,2000,Alien-v0,0.0,440.0,138.478873239,0.642269041245,250,751,357
462,11,2000,Boxing-v0,-100.0,9.0,-13.1512605042,0.944472356366,249,750,348
463,11,2000,BattleZone-v0,0.0,20000.0,8086.20689655,0.703550446999,56,750,353
464,11,2000,Gravitar-v0,0.0,500.0,2.12464589235,0.00503619767076,6,751,353
465,11,2000,Freeway-v0,0.0,16.0,0.237960339943,0.0155807365439,44,751,359
466,11,2000,DoubleDunk-v0,-8.0,0.0,-0.128133704735,0.892293407614,142,751,348
467,11,2000,Frostbite-v0,0.0,200.0,69.0517241379,0.659680715198,49,750,354
468,11,2000,Asteroids-v0,80.0,3000.0,219.774011299,0.115797239683,93,751,349
469,11,2000,Frostbite-v0,0.0,200.0,74.899713467,0.715593759949,49,750,356
470,11,2000,Asteroids-v0,60.0,1690.0,236.573033708,0.251690167298,56,750,350
471,11,2000,Alien-v0,0.0,380.0,145.028571429,0.693755441235,169,750,345
472,11,2000,BattleZone-v0,0.0,20000.0,7634.7826087,0.665971014493,63,750,350
473,11,2000,Freeway-v0,0.0,19.0,0.282857142857,0.0166099459174,6,751,354
474,11,2000,Gravitar-v0,0.0,250.0,1.27118644068,0.00693032015066,117,751,351
475,11,2000,Boxing-v0,-100.0,18.0,-16.4131054131,0.949399894275,146,751,347
476,11,2000,Centipede-v0,165.0,10243.0,6545.70893372,0.826191818421,118,751,345
477,11,2000,DoubleDunk-v0,-6.0,0.0,-0.0753623188406,0.888030059045,42,751,348
478,11,2000,Frostbite-v0,0.0,200.0,73.7356321839,0.695734355045,49,750,341
479,11,2000,Boxing-v0,-100.0,9.0,-13.6070381232,0.958656673246,150,751,344
480,11,2000,BattleZone-v0,0.0,31000.0,8508.72093023,0.556195500488,154,751,355
481,11,2000,Centipede-v0,165.0,11344.0,6802.87887324,0.841226878437,121,750,349
482,11,2000,Alien-v0,0.0,410.0,141.805157593,0.665180687728,272,751,353
483,11,2000,Freeway-v0,0.0,17.0,0.0934844192635,0.00516689484215,6,750,352
484,11,2000,DoubleDunk-v0,-12.0,2.0,-0.176136363636,0.974180581323,143,750,351
485,11,2000,Gravitar-v0,0.0,350.0,2.5641025641,0.00981969235937,97,750,346
486,11,2000,Asteroids-v0,80.0,2030.0,242.514450867,0.194186074892,238,750,343
487,11,2000,Boxing-v0,-100.0,11.0,-12.0991253644,0.951906966983,158,751,354
488,11,2000,Gravitar-v0,0.0,250.0,2.82485875706,0.0100439422473,97,751,353
489,11,2000,Alien-v0,0.0,880.0,167.30878187,0.42456108861,161,750,343
490,11,2000,Centipede-v0,165.0,11586.0,6180.59766764,0.788812937554,164,750,339
491,11,2000,BattleZone-v0,0.0,24000.0,8061.94690265,0.632552168688,166,751,340
492,11,2000,DoubleDunk-v0,-8.0,2.0,-0.0764705882353,0.990849673203,157,750,341
493,11,2000,Asteroids-v0,40.0,1080.0,247.976539589,0.428400246018,238,751,340
494,11,2000,Frostbite-v0,0.0,160.0,73.2058823529,0.804881535948,169,751,339
495,11,2000,Freeway-v0,0.0,16.0,0.0737463126844,0.00538757784333,60,750,342
496,12,2000,Hero-v0,0.0,3060.0,86.2280701754,0.0541422190046,69,751,342
497,12,2000,Alien-v0,0.0,880.0,158.859649123,0.404710985453,144,751,338
498,12,2000,FishingDerby-v0,-86.0,-64.0,-78.1982248521,0.710732934509,67,751,338
499,12,2000,Centipede-v0,155.0,11749.0,6360.33431953,0.805844182751,190,751,339
500,12,2000,Frostbite-v0,0.0,200.0,70.796460177,0.677259914782,169,750,346
501,12,2000,DoubleDunk-v0,-6.0,2.0,-0.0809248554913,0.992935131663,157,750,348
502,12,2000,BattleZone-v0,0.0,24000.0,7376.43678161,0.58316482191,166,750,338
503,12,2000,BankHeist-v0,0.0,60.0,2.86982248521,0.0964277887355,173,750,339
504,12,2000,Boxing-v0,-100.0,9.0,-13.7020648968,0.949888425675,158,750,338
505,12,2000,Boxing-v0,-100.0,11.0,-8.97337278107,0.947427090185,158,750,338
506,12,2000,Centipede-v0,165.0,13141.0,6221.89349112,0.764881700078,146,751,333
507,12,2000,Alien-v0,0.0,890.0,182.732732733,0.448862615087,153,751,340
508,12,2000,FishingDerby-v0,-84.0,-66.0,-78.1852941176,0.665343338982,145,750,330
509,12,2000,Hero-v0,0.0,3060.0,54.2727272727,0.0406536206613,69,750,332
510,12,2000,BankHeist-v0,0.0,60.0,3.70481927711,0.117804551539,57,751,342
511,12,2000,Frostbite-v0,0.0,160.0,73.0701754386,0.77178768681,169,751,344
512,12,2000,BattleZone-v0,0.0,22000.0,7337.20930233,0.606829393299,158,750,335
513,12,2000,DoubleDunk-v0,-2.0,2.0,-0.0358208955224,0.865008291874,157,751,329
514,12,2000,BattleZone-v0,0.0,22000.0,8504.55927052,0.688442870261,158,751,329
515,12,2000,Boxing-v0,-100.0,17.0,-12.6200607903,0.949583734332,143,750,326
516,12,2000,Frostbite-v0,0.0,160.0,77.2085889571,0.84106595092,169,750,324
517,12,2000,Hero-v0,0.0,3060.0,49.7222222222,0.0367364245787,69,751,330
518,12,2000,FishingDerby-v0,-86.0,-70.0,-78.5060606061,0.84013047138,318,750,316
519,12,2000,Alien-v0,0.0,890.0,180.443037975,0.442921671478,153,751,320
520,12,2000,DoubleDunk-v0,-21.0,2.0,-0.190625,0.95047784079,45,750,317
521,12,2000,Centipede-v0,165.0,10391.0,5720.30283912,0.767981632217,146,750,331
522,12,2000,BankHeist-v0,0.0,70.0,5.95166163142,0.17093806304,168,751,335
523,12,2000,Hero-v0,0.0,3060.0,52.5671641791,0.0392919421858,69,750,328
524,12,2000,DoubleDunk-v0,-2.0,2.0,-0.0975609756098,0.842818428184,147,750,331
525,12,2000,Alien-v0,0.0,500.0,178.277945619,0.65722564619,170,750,322
526,12,2000,BattleZone-v0,0.0,22000.0,8236.02484472,0.674731504771,158,751,326
527,12,2000,Boxing-v0,-100.0,21.0,-10.8282208589,0.963547893141,143,751,324
528,12,2000,BankHeist-v0,0.0,60.0,6.14197530864,0.203932327389,246,751,325
529,12,2000,FishingDerby-v0,-84.0,-70.0,-78.1815384615,0.778761555904,234,751,336
530,12,2000,Centipede-v0,150.0,13141.0,6235.20238095,0.769061761118,146,750,325
531,12,2000,Frostbite-v0,0.0,190.0,71.0153846154,0.697504084097,143,750,332
532,12,2000,BankHeist-v0,0.0,70.0,7.95180722892,0.226866650275,45,750,328
533,12,2000,FishingDerby-v0,-86.0,-62.0,-78.1981707317,0.668708596808,21,750,337
534,12,2000,Frostbite-v0,0.0,190.0,73.175074184,0.721840000073,143,751,324
535,12,2000,Hero-v0,0.0,3060.0,53.4259259259,0.0398651674016,69,751,334
536,12,2000,Centipede-v0,155.0,13141.0,6387.45808383,0.780662766603,146,751,337
537,12,2000,Boxing-v0,-100.0,21.0,-14.237388724,0.966241953001,143,751,331
538,12,2000,Alien-v0,0.0,500.0,185.649546828,0.690826183283,170,750,324
539,12,2000,BattleZone-v0,0.0,21000.0,8632.71604938,0.730332919633,268,750,319
540,12,2000,DoubleDunk-v0,-20.0,2.0,-0.144200626959,0.953323488519,157,751,327
541,13,2000,Centipede-v0,165.0,13141.0,6183.92966361,0.77855814006,169,751,318
542,13,2000,Bowling-v0,0.0,52.0,1.10691823899,0.0337497260574,246,751,320
543,13,2000,Asteroids-v0,40.0,1030.0,258.8125,0.457690825199,206,750,320
544,13,2000,Boxing-v0,-100.0,34.0,-11.728125,0.952119378233,146,750,333
545,13,2000,Frostbite-v0,0.0,200.0,78.7087087087,0.748842175509,143,750,317
546,13,2000,BattleZone-v0,0.0,23000.0,8287.06624606,0.669821903386,188,751,323
547,13,2000,ChopperCommand-v0,0.0,1500.0,577.708978328,0.669745824256,165,750,320
548,13,2000,FishingDerby-v0,-90.0,-68.0,-78.16875,0.91209825528,166,751,327
549,13,2000,DoubleDunk-v0,-6.0,2.0,-0.103975535168,0.990825688073,157,751,330
550,13,2000,DoubleDunk-v0,-14.0,2.0,-0.0969696969697,0.969023569024,157,750,316
551,13,2000,Frostbite-v0,0.0,190.0,69.082278481,0.678354781023,143,750,316
552,13,2000,BattleZone-v0,0.0,23000.0,8579.11392405,0.681598111236,188,750,322
553,13,2000,FishingDerby-v0,-84.0,-64.0,-78.0527950311,0.629496204279,159,751,322
554,13,2000,Boxing-v0,-100.0,34.0,-12.1739130435,0.948774252405,146,750,329
555,13,2000,Centipede-v0,165.0,13985.0,6025.56838906,0.757709866463,199,751,332
556,13,2000,Bowling-v0,0.0,25.0,0.253012048193,0.0130912985274,177,751,330
557,13,2000,Asteroids-v0,40.0,1180.0,293.242424242,0.459925405693,206,750,331
558,13,2000,ChopperCommand-v0,0.0,1600.0,553.776435045,0.617006545821,247,750,322
559,13,2000,BattleZone-v0,0.0,23000.0,8664.59627329,0.699315478637,188,750,321
560,13,2000,Centipede-v0,165.0,13985.0,6181.09034268,0.762141010217,199,751,322
561,13,2000,Frostbite-v0,0.0,190.0,71.1801242236,0.697640363303,49,750,325
562,13,2000,Bowling-v0,0.0,78.0,0.787692307692,0.0172913681395,175,751,325
563,13,2000,DoubleDunk-v0,-2.0,2.0,-0.141538461538,0.815042735043,157,751,328
564,13,2000,FishingDerby-v0,-84.0,-54.0,-78.25,0.438482384824,5,750,326
565,13,2000,Boxing-v0,-100.0,34.0,-14.4785276074,0.942855845608,146,751,329
566,13,2000,Asteroids-v0,80.0,1180.0,304.589665653,0.43305360876,206,751,330
567,13,2000,ChopperCommand-v0,0.0,1400.0,621.515151515,0.725568611283,181,750,319
568,13,2000,Bowling-v0,0.0,40.0,0.238244514107,0.00805294322536,175,751,315
569,13,2000,Asteroids-v0,40.0,1850.0,308.73015873,0.335952516346,118,750,311
570,13,2000,DoubleDunk-v0,-2.0,2.0,-0.0514469453376,0.85459092533,157,750,313
571,13,2000,Centipede-v0,165.0,13985.0,6067.50798722,0.751792697486,199,751,321
572,13,2000,Frostbite-v0,0.0,190.0,73.8629283489,0.730872379615,51,750,305
573,13,2000,Boxing-v0,-100.0,34.0,-11.6,0.958054519832,146,750,316
574,13,2000,ChopperCommand-v0,0.0,1500.0,581.012658228,0.663353649008,182,751,323
575,13,2000,FishingDerby-v0,-92.0,-18.0,-78.1238390093,0.433232496156,217,751,323
576,13,2000,BattleZone-v0,0.0,23000.0,8396.28482972,0.673272194163,188,750,320
577,13,2000,Frostbite-v0,0.0,190.0,75.5,0.745244690674,51,750,322
578,13,2000,DoubleDunk-v0,-2.0,2.0,-0.0683229813665,0.847481021394,157,751,319
579,13,2000,Bowling-v0,0.0,132.0,0.699059561129,0.00801946189996,246,751,318
580,13,2000,Boxing-v0,-100.0,14.0,-13.2044025157,0.951892524475,294,751,309
581,13,2000,ChopperCommand-v0,0.0,1400.0,597.411003236,0.708774556209,164,750,306
582,13,2000,BattleZone-v0,0.0,23000.0,8807.18954248,0.708726814958,188,750,308
583,13,2000,FishingDerby-v0,-84.0,-74.0,-78.1915584416,0.932640692641,218,750,314
584,13,2000,Centipede-v0,160.0,13985.0,5848.91719745,0.718963410739,199,750,322
585,13,2000,Asteroids-v0,40.0,1850.0,317.577639752,0.350775612294,114,751,317
586,14,2000,DoubleDunk-v0,-2.0,2.0,-0.0946372239748,0.835611636873,198,750,317
587,14,2000,Gravitar-v0,0.0,250.0,3.94321766562,0.0189554854539,250,751,315
588,14,2000,Frostbite-v0,0.0,190.0,74.6666666667,0.729464988006,51,751,320
589,14,2000,BankHeist-v0,0.0,70.0,5.25,0.156916099773,45,751,318
590,14,2000,BattleZone-v0,0.0,17000.0,8874.21383648,0.810196368596,188,750,315
591,14,2000,Centipede-v0,165.0,13985.0,6323.06031746,0.786420319123,199,750,320
592,14,2000,ChopperCommand-v0,0.0,1500.0,587.1875,0.678777777778,224,750,319
593,14,2000,Freeway-v0,0.0,14.0,0.0438871473354,0.00278648554511,157,750,327
594,14,2000,Boxing-v0,-100.0,34.0,-12.0886850153,0.950102742938,146,751,317
595,14,2000,DoubleDunk-v0,-2.0,2.0,-0.10094637224,0.824395373291,157,750,315
596,14,2000,Gravitar-v0,0.0,250.0,5.2380952381,0.0272028218695,159,751,315
597,14,2000,Boxing-v0,-100.0,34.0,-11.4031746032,0.951592350181,146,750,317
598,14,2000,BankHeist-v0,0.0,70.0,7.22397476341,0.213738492242,45,750,322
599,14,2000,ChopperCommand-v0,0.0,1500.0,633.850931677,0.722582624032,224,750,319
600,14,2000,Freeway-v0,0.0,16.0,0.191222570533,0.0115595611285,296,750,320
601,14,2000,Frostbite-v0,0.0,200.0,72.875,0.670111111111,272,750,315
602,14,2000,Centipede-v0,120.0,12443.0,5206.58730159,0.685436477078,186,750,322
603,14,2000,BattleZone-v0,0.0,31000.0,8481.36645963,0.558737627371,154,750,316
604,14,2000,BankHeist-v0,0.0,110.0,7.46835443038,0.152224198254,260,750,314
605,14,2000,Gravitar-v0,0.0,350.0,2.38853503185,0.00976356572353,176,751,318
606,14,2000,DoubleDunk-v0,-14.0,2.0,-0.157232704403,0.970213137666,157,751,315
607,14,2000,Freeway-v0,0.0,17.0,0.155555555556,0.00875853609418,218,751,313
608,14,2000,BattleZone-v0,0.0,18000.0,7658.14696486,0.698019519934,181,751,321
609,14,2000,ChopperCommand-v0,0.0,1500.0,643.925233645,0.73687012038,224,750,316
610,14,2000,Centipede-v0,95.0,14387.0,6427.38291139,0.767806653781,239,751,314
611,14,2000,Frostbite-v0,0.0,160.0,75.5095541401,0.803941082803,272,751,315
612,14,2000,Boxing-v0,-100.0,34.0,-9.79682539683,0.968978058456,146,750,318
613,14,2000,DoubleDunk-v0,-2.0,2.0,-0.0817610062893,0.846960167715,157,751,321
614,14,2000,Frostbite-v0,0.0,160.0,75.8878504673,0.814511941848,272,751,318
615,14,2000,BattleZone-v0,0.0,22000.0,8625.78616352,0.71036263146,263,751,319
616,14,2000,BankHeist-v0,0.0,110.0,11.5987460815,0.234755649974,260,751,326
617,14,2000,Centipede-v0,160.0,14387.0,6212.41411043,0.751852062279,239,751,323
618,14,2000,Boxing-v0,-100.0,34.0,-9.06811145511,0.967880894957,146,750,314
619,14,2000,Freeway-v0,0.0,17.0,0.152866242038,0.0106965228954,218,750,315
620,14,2000,Gravitar-v0,0.0,350.0,4.12698412698,0.0153187200806,176,750,315
621,14,2000,ChopperCommand-v0,0.0,1500.0,571.428571429,0.660844209289,224,750,320
622,14,2000,Boxing-v0,-100.0,34.0,-9.328125,0.970950595282,146,750,317
623,14,2000,DoubleDunk-v0,-22.0,2.0,-0.201892744479,0.946333294388,157,751,316
624,14,2000,BankHeist-v0,0.0,110.0,12.3101265823,0.241471097628,260,750,317
625,14,2000,Gravitar-v0,0.0,250.0,1.73501577287,0.00841219768665,161,751,308
626,14,2000,Frostbite-v0,0.0,160.0,76.6558441558,0.792771464646,171,750,303
627,14,2000,BattleZone-v0,0.0,22000.0,7904.29042904,0.650052884076,263,750,308
628,14,2000,Freeway-v0,0.0,17.0,0.107142857143,0.00592179830934,218,750,314
629,14,2000,Centipede-v0,160.0,14387.0,5920.96815287,0.719733976397,239,751,310
630,14,2000,ChopperCommand-v0,0.0,1600.0,614.193548387,0.674014336918,160,751,316
631,15,2000,Atlantis-v0,1500.0,2200.0,1502.21518987,0.0028129395218,166,751,314
632,15,2000,Boxing-v0,-96.0,34.0,-9.24522292994,0.963860014992,146,751,299
633,15,2000,DoubleDunk-v0,-14.0,2.0,-0.160535117057,0.969806763285,157,751,310
634,15,2000,Hero-v0,0.0,3060.0,16.1612903226,0.00817000354151,69,751,315
635,15,2000,Centipede-v0,165.0,14387.0,6012.79365079,0.730984835899,176,751,310
636,15,2000,BattleZone-v0,0.0,22000.0,8745.16129032,0.716206048757,263,750,321
637,15,2000,ChopperCommand-v0,0.0,1600.0,631.775700935,0.698771201108,160,750,312
638,15,2000,Alien-v0,0.0,1930.0,254.807692308,0.31251929821,160,751,313
639,15,2000,Frostbite-v0,0.0,160.0,76.8051118211,0.836661341853,171,750,304
640,15,2000,DoubleDunk-v0,-10.0,2.0,-0.164473684211,0.98375568551,157,750,308
641,15,2000,Centipede-v0,165.0,14387.0,5894.32467532,0.715230313682,239,750,307
642,15,2000,Alien-v0,0.0,1930.0,244.364820847,0.298751949434,160,751,312
643,15,2000,Frostbite-v0,0.0,160.0,76.6666666667,0.832309472934,171,751,308
644,15,2000,Atlantis-v0,1500.0,2600.0,1504.87012987,0.00527112923807,160,751,312
645,15,2000,Hero-v0,0.0,3060.0,23.7019230769,0.00914630138967,45,750,307
646,15,2000,Boxing-v0,-100.0,34.0,-13.345276873,0.938829923825,146,750,306
647,15,2000,BattleZone-v0,0.0,23000.0,8964.05228758,0.713537140684,210,750,311
648,15,2000,ChopperCommand-v0,0.0,1600.0,661.736334405,0.714808860307,160,750,306
649,15,2000,Hero-v0,0.0,3060.0,13.1862745098,0.00559432339442,45,750,307
650,15,2000,Frostbite-v0,0.0,160.0,71.3680781759,0.764409156714,5,750,306
651,15,2000,ChopperCommand-v0,0.0,1600.0,668.62745098,0.708968772694,160,751,307
652,15,2000,DoubleDunk-v0,-22.0,2.0,-0.169381107492,0.948847870672,176,751,303
653,15,2000,Centipede-v0,165.0,14387.0,6272.67986799,0.759504170872,239,750,304
654,15,2000,Atlantis-v0,1500.0,4500.0,1527.63157895,0.0109811565952,161,751,305
655,15,2000,Alien-v0,0.0,1930.0,238.491803279,0.292526995871,160,751,300
656,15,2000,Boxing-v0,-100.0,34.0,-11.0433333333,0.949233269804,146,750,302
657,15,2000,BattleZone-v0,0.0,23000.0,8635.7615894,0.691356788253,210,751,299
658,15,2000,BattleZone-v0,0.0,23000.0,9886.28762542,0.773486360402,164,751,296
659,15,2000,Boxing-v0,-100.0,34.0,-7.68581081081,0.973428541038,146,750,295
660,15,2000,Alien-v0,0.0,1930.0,273.389830508,0.333539964343,160,751,303
661,15,2000,DoubleDunk-v0,-8.0,0.0,-0.16501650165,0.8899889989,163,751,300
662,15,2000,Frostbite-v0,0.0,160.0,73.4666666667,0.798888888889,230,751,299
663,15,2000,ChopperCommand-v0,0.0,1500.0,641.471571906,0.724720260952,160,750,303
664,15,2000,Centipede-v0,160.0,14387.0,6232.09240924,0.753171885067,239,751,307
665,15,2000,Atlantis-v0,1500.0,3800.0,1514.98371336,0.00745470629648,161,750,293
666,15,2000,Hero-v0,0.0,3060.0,14.2832764505,0.00627409573955,259,750,304
667,15,2000,Hero-v0,0.0,3060.0,27.4506578947,0.0123949396931,259,750,301
668,15,2000,Atlantis-v0,1500.0,3600.0,1524.91694352,0.0142164900906,161,750,300
669,15,2000,Alien-v0,0.0,1930.0,224.966666667,0.274466428629,78,751,307
670,15,2000,ChopperCommand-v0,0.0,1600.0,655.374592834,0.713536011582,160,750,308
671,15,2000,DoubleDunk-v0,-8.0,2.0,-0.103896103896,0.989090909091,156,751,304
672,15,2000,Centipede-v0,165.0,14387.0,5970.17105263,0.716675734192,239,750,301
673,15,2000,Boxing-v0,-100.0,34.0,-9.01661129568,0.968180370523,146,750,299
674,15,2000,BattleZone-v0,0.0,23000.0,8979.93311037,0.717822272519,210,750,297
675,15,2000,Frostbite-v0,0.0,160.0,72.4242424242,0.788416573139,49,750,302
676,16,5000,Freeway-v0,0.0,21.0,0.208609271523,0.00883002207506,218,751,301
677,16,5000,Frostbite-v0,0.0,200.0,73.4219269103,0.680546327058,115,750,294
678,16,5000,BattleZone-v0,0.0,19000.0,8241.49659864,0.722784404621,176,750,298
679,16,5000,ChopperCommand-v0,0.0,1500.0,622.483221477,0.710275913497,155,751,293
680,16,5000,Bowling-v0,0.0,0.0,0.0,0.0,146,751,294
681,16,5000,FishingDerby-v0,-99.0,-89.0,-98.9591836735,0.00459561602419,25,750,296
682,16,5000,DoubleDunk-v0,-6.0,2.0,-0.108108108108,0.987237237237,164,751,297
683,16,5000,Centipede-v0,160.0,17130.0,6064.08754209,0.633032349191,218,751,298
684,16,5000,Boxing-v0,-100.0,14.0,-11.932885906,0.949689791547,114,750,297
685,16,5000,DoubleDunk-v0,-8.0,2.0,-0.10101010101,0.989928918818,180,750,295
686,16,5000,Frostbite-v0,0.0,160.0,67.5593220339,0.723234463277,42,750,296
687,16,5000,FishingDerby-v0,-99.0,-97.0,-98.9932432432,0.003003003003,5,751,303
688,16,5000,ChopperCommand-v0,0.0,1400.0,578.217821782,0.693174079313,180,750,299
689,16,5000,Bowling-v0,0.0,79.0,0.264214046823,0.00297287253809,114,751,296
690,16,5000,Freeway-v0,0.0,21.0,0.141891891892,0.00600600600601,218,750,296
691,16,5000,Boxing-v0,-100.0,16.0,-16.7736486486,0.914990644628,172,751,298
692,16,5000,BattleZone-v0,0.0,24000.0,8741.61073826,0.678235562184,32,750,301
693,16,5000,Centipede-v0,165.0,18426.0,6756.48504983,0.675738496463,157,750,296
694,16,5000,Freeway-v0,0.0,23.0,0.297297297297,0.0124434453357,62,751,293
695,16,5000,Centipede-v0,165.0,17647.0,5871.9112628,0.61049201222,160,750,293
696,16,5000,Bowling-v0,0.0,52.0,0.423208191126,0.00965773819541,246,751,294
697,16,5000,DoubleDunk-v0,-24.0,2.0,-0.238095238095,0.94561848408,157,750,294
698,16,5000,Boxing-v0,-100.0,14.0,-16.8333333333,0.906113794651,158,751,300
699,16,5000,ChopperCommand-v0,0.0,1400.0,635.333333333,0.751201814059,183,750,300
700,16,5000,BattleZone-v0,0.0,18000.0,8383.33333333,0.752226794696,176,750,295
701,16,5000,Frostbite-v0,0.0,160.0,74.5423728814,0.806661958569,6,750,296
702,16,5000,FishingDerby-v0,-99.0,-77.0,-98.8783783784,0.00789218971037,176,750,299
703,16,5000,ChopperCommand-v0,0.0,1500.0,596.321070234,0.683906024196,166,750,299
704,16,5000,FishingDerby-v0,-99.0,-89.0,-98.9264214047,0.00749163879599,160,750,294
705,16,5000,Freeway-v0,0.0,21.0,0.285714285714,0.0120937263794,62,750,295
706,16,5000,BattleZone-v0,0.0,29000.0,8138.98305085,0.563271685801,67,750,301
707,16,5000,Frostbite-v0,0.0,160.0,73.9534883721,0.81238464378,62,751,296
708,16,5000,Centipede-v0,165.0,17192.0,6495.16216216,0.666651969641,157,751,302
709,16,5000,DoubleDunk-v0,-4.0,2.0,-0.0529801324503,0.974572806802,208,751,293
710,16,5000,Boxing-v0,-100.0,16.0,-15.1979522184,0.923441990119,198,751,296
711,16,5000,Bowling-v0,0.0,30.0,0.101351351351,0.003003003003,165,751,303
712,16,5000,Bowling-v0,0.0,30.0,0.39603960396,0.011734506784,165,751,295
713,16,5000,Frostbite-v0,0.0,160.0,66.9152542373,0.722693032015,66,751,296
714,16,5000,ChopperCommand-v0,0.0,1400.0,604.054054054,0.721088435374,262,751,289
715,16,5000,FishingDerby-v0,-99.0,-85.0,-98.9515570934,0.00307574009996,49,750,299
716,16,5000,Freeway-v0,0.0,23.0,0.571906354515,0.0251823097225,285,750,284
717,16,5000,BattleZone-v0,0.0,16000.0,7514.08450704,0.710974178404,67,750,281
718,16,5000,Centipede-v0,160.0,18245.0,7743.23843416,0.717673786119,162,751,287
719,16,5000,Boxing-v0,-100.0,21.0,-11.4076655052,0.943871604259,184,750,275
720,16,5000,DoubleDunk-v0,-24.0,2.0,-0.116363636364,0.942996832228,166,750,285
721,17,5000,DoubleDunk-v0,-16.0,2.0,-0.0701754385965,0.961316872428,166,751,281
722,17,5000,Frostbite-v0,0.0,160.0,65.409252669,0.720986555951,6,750,286
723,17,5000,Centipede-v0,165.0,18238.0,7204.14685315,0.687815923474,97,750,289
724,17,5000,ChopperCommand-v0,0.0,1900.0,631.487889273,0.634054023543,233,750,287
725,17,5000,BattleZone-v0,0.0,16000.0,8526.13240418,0.790045489741,182,751,290
726,17,5000,Asteroids-v0,80.0,1030.0,323.896551724,0.530166990374,203,750,295
727,17,5000,BankHeist-v0,0.0,140.0,6.98305084746,0.111303278373,160,751,288
728,17,5000,Hero-v0,0.0,150.0,2.34375,0.0154320987654,97,750,289
729,17,5000,Boxing-v0,-100.0,25.0,-13.660899654,0.93872020915,192,751,289
730,17,5000,DoubleDunk-v0,-16.0,2.0,-0.110726643599,0.961301683588,166,751,290
731,17,5000,BattleZone-v0,0.0,29000.0,8624.13793103,0.589850615715,67,750,288
732,17,5000,Frostbite-v0,0.0,160.0,73.5416666667,0.8046875,203,750,288
733,17,5000,Asteroids-v0,80.0,1080.0,289.0625,0.44594382716,208,751,290
734,17,5000,Boxing-v0,-100.0,25.0,-8.75172413793,0.948769740996,192,750,290
735,17,5000,Centipede-v0,150.0,18238.0,6669.73103448,0.662389593732,97,750,294
736,17,5000,ChopperCommand-v0,0.0,1900.0,645.918367347,0.656319160474,233,751,295
737,17,5000,Hero-v0,0.0,150.0,2.03389830508,0.0120527306968,42,751,294
738,17,5000,BankHeist-v0,0.0,110.0,7.00680272109,0.140776971946,219,751,293
739,17,5000,DoubleDunk-v0,-10.0,2.0,-0.245733788396,0.973496818776,166,751,286
740,17,5000,BankHeist-v0,0.0,60.0,9.02097902098,0.310109643443,282,750,290
741,17,5000,Boxing-v0,-100.0,25.0,-11.4965517241,0.950716518008,192,750,292
742,17,5000,BattleZone-v0,0.0,19000.0,9397.26027397,0.809218431804,52,751,293
743,17,5000,Frostbite-v0,0.0,160.0,73.9931740614,0.807925673113,115,751,288
744,17,5000,Centipede-v0,165.0,17130.0,7041.41666667,0.702255499007,160,750,288
745,17,5000,ChopperCommand-v0,0.0,1900.0,597.222222222,0.617010362163,233,751,291
746,17,5000,Asteroids-v0,110.0,1080.0,321.615120275,0.459139415922,212,751,294
747,17,5000,Hero-v0,0.0,3135.0,21.1054421769,0.00715719056227,69,750,293
748,17,5000,BankHeist-v0,0.0,70.0,12.3890784983,0.349005131063,161,750,290
749,17,5000,Boxing-v0,-100.0,25.0,-12.5448275862,0.944830675862,192,750,281
750,17,5000,Centipede-v0,165.0,19065.0,7325.82918149,0.691897966208,165,751,286
751,17,5000,BattleZone-v0,0.0,19000.0,9076.92307692,0.778705443525,52,751,292
752,17,5000,DoubleDunk-v0,-8.0,2.0,-0.0547945205479,0.989223744292,166,750,285
753,17,5000,Hero-v0,0.0,3135.0,18.8947368421,0.00962005552126,79,751,284
754,17,5000,Frostbite-v0,0.0,160.0,64.6126760563,0.701462245696,162,750,280
755,17,5000,ChopperCommand-v0,0.0,1500.0,546.071428571,0.630955908289,283,751,274
756,17,5000,Asteroids-v0,110.0,2700.0,330.03649635,0.199990102873,161,751,272
757,17,5000,DoubleDunk-v0,-16.0,2.0,-0.176470588235,0.959089808763,166,750,275
758,17,5000,BankHeist-v0,0.0,40.0,10.2909090909,0.464242424242,160,751,276
759,17,5000,BattleZone-v0,0.0,19000.0,9054.34782609,0.784018270951,259,750,273
760,17,5000,Hero-v0,0.0,3135.0,27.4908424908,0.011805979964,79,750,267
761,17,5000,Frostbite-v0,0.0,160.0,71.9475655431,0.781601123596,161,750,274
762,17,5000,Asteroids-v0,80.0,2100.0,332.189781022,0.280843289937,170,751,276
763,17,5000,ChopperCommand-v0,0.0,1900.0,618.115942029,0.625298308064,233,750,277
764,17,5000,Boxing-v0,-100.0,25.0,-13.0541516245,0.950076482952,192,750,273
765,17,5000,Centipede-v0,161.0,19065.0,6897.15750916,0.662023068497,165,750,274
766,18,5000,Centipede-v0,165.0,19065.0,7531.5620438,0.705198788965,165,750,274
767,18,5000,BattleZone-v0,0.0,24000.0,8835.76642336,0.683033702803,67,750,274
768,18,5000,Freeway-v0,0.0,23.0,0.160583941606,0.00672127704264,285,750,271
769,18,5000,DoubleDunk-v0,-4.0,2.0,-0.118081180812,0.965787435652,166,750,274
770,18,5000,Boxing-v0,-100.0,25.0,-14.6058394161,0.927888090835,192,751,272
771,18,5000,Frostbite-v0,0.0,160.0,74.4117647059,0.803921568627,161,751,274
772,18,5000,Gravitar-v0,0.0,500.0,5.10948905109,0.0151824817518,176,750,265
773,18,5000,ChopperCommand-v0,0.0,1700.0,587.924528302,0.632859640342,202,751,266
774,18,5000,Alien-v0,0.0,490.0,238.533834586,0.80834183195,247,751,271
775,18,5000,Frostbite-v0,0.0,160.0,75.7933579336,0.820930709307,208,751,275
776,18,5000,DoubleDunk-v0,-22.0,2.0,-0.167272727273,0.947160493827,192,750,271
777,18,5000,Centipede-v0,165.0,19065.0,6502.04428044,0.609757411383,165,751,266
778,18,5000,ChopperCommand-v0,0.0,1900.0,615.789473684,0.617888210832,233,751,270
779,18,5000,BattleZone-v0,0.0,19000.0,8425.92592593,0.737275286983,365,750,273
780,18,5000,Freeway-v0,0.0,23.0,0.0842490842491,0.003256003256,285,750,271
781,18,5000,Boxing-v0,-100.0,25.0,-16.4870848708,0.899556500205,192,751,276
782,18,5000,Alien-v0,0.0,930.0,248.405797101,0.559998465843,283,751,275
783,18,5000,Gravitar-v0,0.0,500.0,3.81818181818,0.0115070707071,176,751,268
784,18,5000,DoubleDunk-v0,-8.0,2.0,-0.126865671642,0.9864013267,192,750,266
785,18,5000,Alien-v0,0.0,960.0,211.240601504,0.47216058085,218,750,268
786,18,5000,Freeway-v0,0.0,23.0,0.518656716418,0.0243332800396,285,750,268
787,18,5000,ChopperCommand-v0,0.0,1600.0,620.52238806,0.695921434494,163,750,269
788,18,5000,Gravitar-v0,0.0,500.0,3.90334572491,0.0112350268484,214,750,270
789,18,5000,BattleZone-v0,0.0,19000.0,7944.44444444,0.691731928913,365,751,271
790,18,5000,Frostbite-v0,0.0,160.0,71.3284132841,0.78262095121,163,751,276
791,18,5000,Centipede-v0,165.0,19065.0,6834.40942029,0.630634240466,165,751,274
792,18,5000,Boxing-v0,-100.0,25.0,-13.1861313869,0.932294903487,192,750,267
793,18,5000,Freeway-v0,0.0,23.0,0.329588014981,0.0137949805969,285,751,275
794,18,5000,DoubleDunk-v0,-2.0,2.0,-0.0290909090909,0.86303030303,192,750,272
795,18,5000,Gravitar-v0,0.0,500.0,5.69852941176,0.0150326797386,190,750,265
796,18,5000,Centipede-v0,165.0,19065.0,5984.07169811,0.557893281391,165,750,276
797,18,5000,Boxing-v0,-100.0,25.0,-12.1594202899,0.93679015781,192,750,275
798,18,5000,Alien-v0,0.0,910.0,238.509090909,0.55236114313,163,751,271
799,18,5000,BattleZone-v0,0.0,22000.0,9239.85239852,0.745705969456,365,750,269
800,18,5000,ChopperCommand-v0,0.0,1900.0,637.918215613,0.632178502736,204,751,275
801,18,5000,Frostbite-v0,0.0,160.0,71.9272727273,0.779292929293,163,751,272
802,18,5000,DoubleDunk-v0,-2.0,2.0,-0.0808823529412,0.843137254902,192,750,267
803,18,5000,ChopperCommand-v0,0.0,1600.0,631.835205993,0.688020183104,284,751,262
804,18,5000,Freeway-v0,0.0,23.0,0.591603053435,0.0244800710608,285,750,262
805,18,5000,Centipede-v0,160.0,24053.0,6697.99236641,0.532869176041,197,751,263
806,18,5000,Alien-v0,0.0,460.0,226.08365019,0.786900537718,283,750,263
807,18,5000,Frostbite-v0,0.0,160.0,76.1216730038,0.818229826785,163,750,265
808,18,5000,Gravitar-v0,0.0,250.0,2.2641509434,0.00966037735849,190,751,265
809,18,5000,BattleZone-v0,0.0,22000.0,7924.52830189,0.64197376856,157,751,266
810,18,5000,Boxing-v0,-100.0,25.0,-9.72932330827,0.971106165414,192,750,269
811,19,5000,DoubleDunk-v0,-2.0,2.0,-0.0297397769517,0.86575795126,192,750,270
812,19,5000,Boxing-v0,-100.0,25.0,-11.5296296296,0.936517320165,192,751,268
813,19,5000,Bowling-v0,0.0,30.0,0.44776119403,0.0132669983416,161,750,269
814,19,5000,BattleZone-v0,0.0,22000.0,8286.24535316,0.675139362534,157,751,270
815,19,5000,Alien-v0,0.0,920.0,242.666666667,0.550877111096,160,750,259
816,19,5000,Frostbite-v0,0.0,160.0,73.8223938224,0.799656799657,6,750,257
817,19,5000,ChopperCommand-v0,0.0,1500.0,657.976653696,0.749495124177,284,751,262
818,19,5000,Hero-v0,0.0,150.0,1.71755725191,0.0101781170483,157,751,268
819,19,5000,Atlantis-v0,1500.0,2600.0,1509.70149254,0.0120060852761,161,750,266
820,19,5000,Atlantis-v0,1500.0,36100.0,1654.88721805,0.00517861640413,297,750,265
821,19,5000,Bowling-v0,0.0,112.0,1.78490566038,0.0299806400548,242,750,269
822,19,5000,ChopperCommand-v0,0.0,1600.0,588.104089219,0.647769516729,284,751,266
823,19,5000,DoubleDunk-v0,-6.0,2.0,-0.18045112782,0.984126984127,192,750,263
824,19,5000,BattleZone-v0,0.0,22000.0,8068.44106464,0.66059837923,157,751,262
825,19,5000,Boxing-v0,-100.0,25.0,-10.7480916031,0.962529601357,192,750,264
826,19,5000,Alien-v0,0.0,920.0,245.71969697,0.563343739856,160,751,263
827,19,5000,Frostbite-v0,0.0,200.0,77.566539924,0.745044359949,49,750,256
828,19,5000,Hero-v0,0.0,150.0,7.91015625,0.0486111111111,157,750,255
829,19,5000,ChopperCommand-v0,0.0,1600.0,608.62745098,0.671840958606,284,750,261
830,19,5000,Boxing-v0,-100.0,25.0,-9.08045977011,0.971141285653,192,751,254
831,19,5000,Frostbite-v0,0.0,160.0,80.157480315,0.821959755031,49,750,256
832,19,5000,Alien-v0,0.0,920.0,215.078125,0.492632193867,160,751,258
833,19,5000,BattleZone-v0,0.0,22000.0,9112.40310078,0.738833009446,157,750,253
834,19,5000,DoubleDunk-v0,-2.0,2.0,-0.0632411067194,0.850241545894,192,750,259
835,19,5000,Atlantis-v0,1500.0,24600.0,1755.5984556,0.0146028494823,162,751,254
836,19,5000,Hero-v0,0.0,3135.0,16.4763779528,0.00690370652914,227,751,254
837,19,5000,Bowling-v0,0.0,112.0,1.15748031496,0.0166742550038,242,751,260
838,19,5000,BattleZone-v0,0.0,23000.0,8453.84615385,0.663144458986,246,750,260
839,19,5000,Bowling-v0,0.0,112.0,0.546153846154,0.00567547531833,242,751,262
840,19,5000,Boxing-v0,-100.0,25.0,-12.5916030534,0.95097138592,192,751,254
841,19,5000,ChopperCommand-v0,0.0,1800.0,662.598425197,0.677359774473,193,750,258
842,19,5000,Hero-v0,0.0,3135.0,25.2131782946,0.00853078387945,227,751,258
843,19,5000,DoubleDunk-v0,-2.0,2.0,-0.124031007752,0.830318690784,192,750,259
844,19,5000,Frostbite-v0,0.0,180.0,69.7297297297,0.708136708137,365,751,257
845,19,5000,Atlantis-v0,1500.0,31200.0,1732.6848249,0.0112675837091,316,750,258
846,19,5000,Alien-v0,0.0,920.0,233.798449612,0.53217599716,160,751,254
847,19,5000,Boxing-v0,-100.0,13.0,-8.03149606299,0.948092311548,313,751,253
848,19,5000,Atlantis-v0,1500.0,41200.0,1878.26086957,0.0135646968991,316,750,256
849,19,5000,Bowling-v0,0.0,112.0,1.125,0.0141889438067,242,751,261
850,19,5000,DoubleDunk-v0,-4.0,2.0,-0.16091954023,0.960787096164,192,750,256
851,19,5000,Alien-v0,0.0,1000.0,237.65625,0.504334722222,342,751,252
852,19,5000,BattleZone-v0,0.0,16000.0,8777.77777778,0.809248236332,246,750,249
853,19,5000,Hero-v0,0.0,3135.0,16.5060240964,0.006798385696,227,751,248
854,19,5000,Frostbite-v0,0.0,180.0,71.1290322581,0.708792424444,365,750,256
855,19,5000,ChopperCommand-v0,0.0,1800.0,603.90625,0.618484224966,193,751,258
856,20,5000,Gravitar-v0,0.0,250.0,0.968992248062,0.00344530577089,285,750,253
857,20,5000,DoubleDunk-v0,-2.0,2.0,-0.0869565217391,0.83970136144,192,751,264
858,20,5000,Frostbite-v0,0.0,180.0,76.2121212121,0.760111402087,365,750,253
859,20,5000,ChopperCommand-v0,0.0,1800.0,613.833992095,0.628550670419,193,750,255
860,20,5000,Boxing-v0,-100.0,25.0,-9.33333333333,0.969946185621,192,750,254
861,20,5000,Freeway-v0,0.0,23.0,0.429133858268,0.0182519718117,285,751,256
862,20,5000,Alien-v0,0.0,1000.0,215.390625,0.4621875,342,751,256
863,20,5000,BattleZone-v0,0.0,15000.0,9281.25,0.862222222222,308,751,258
864,20,5000,Centipede-v0,165.0,24053.0,6851.25968992,0.574439074927,197,750,255
865,20,5000,BattleZone-v0,0.0,21000.0,9145.09803922,0.750569857573,263,750,251
866,20,5000,Gravitar-v0,0.0,0.0,0.0,0.0,285,750,251
867,20,5000,Centipede-v0,165.0,24053.0,6849.88446215,0.566994571349,4,751,248
868,20,5000,Boxing-v0,-100.0,25.0,-11.2258064516,0.948600200717,192,751,248
869,20,5000,DoubleDunk-v0,-22.0,2.0,-0.225806451613,0.94583831143,192,750,252
870,20,5000,Frostbite-v0,0.0,160.0,74.880952381,0.803433641975,188,750,254
871,20,5000,Alien-v0,0.0,440.0,234.527559055,0.810947701785,203,751,250
872,20,5000,ChopperCommand-v0,0.0,1800.0,647.6,0.668444444444,193,751,252
873,20,5000,Freeway-v0,0.0,23.0,0.0912698412698,0.00352733686067,285,751,254
874,20,5000,Frostbite-v0,0.0,160.0,76.7716535433,0.803969816273,188,751,254
875,20,5000,DoubleDunk-v0,-4.0,2.0,-0.149606299213,0.962379702537,192,751,257
876,20,5000,ChopperCommand-v0,0.0,1800.0,664.980544747,0.668086446441,193,750,255
877,20,5000,Freeway-v0,0.0,23.0,0.172549019608,0.00722207807719,285,750,252
878,20,5000,Alien-v0,0.0,1940.0,250.0,0.301680461669,175,751,253
879,20,5000,Boxing-v0,-100.0,25.0,-7.66007905138,0.974948286342,192,750,255
880,20,5000,Centipede-v0,165.0,24053.0,6586.50588235,0.544094968102,197,750,249
881,20,5000,Gravitar-v0,0.0,0.0,0.0,0.0,285,750,251
882,20,5000,BattleZone-v0,0.0,21000.0,7992.03187251,0.670711961928,263,750,254
883,20,5000,Centipede-v0,165.0,24053.0,7093.09055118,0.584969280665,197,751,256
884,20,5000,DoubleDunk-v0,-16.0,2.0,-0.1484375,0.957861796982,192,750,254
885,20,5000,Boxing-v0,-100.0,25.0,-12.5866141732,0.944765648294,192,751,252
886,20,5000,ChopperCommand-v0,0.0,1800.0,669.841269841,0.687656498356,193,750,248
887,20,5000,Frostbite-v0,0.0,160.0,72.0564516129,0.784134184588,284,751,249
888,20,5000,Freeway-v0,0.0,23.0,0.345381526104,0.0150486423746,285,750,254
889,20,5000,BattleZone-v0,0.0,24000.0,8578.74015748,0.667067658209,258,750,250
890,20,5000,Gravitar-v0,0.0,500.0,3.8,0.0108088888889,161,751,253
891,20,5000,Alien-v0,0.0,1940.0,245.217391304,0.29655382327,172,751,251
892,20,5000,DoubleDunk-v0,-4.0,2.0,-0.0796812749004,0.971127834342,192,751,251
893,20,5000,Centipede-v0,165.0,24053.0,6517.32669323,0.527496909767,197,751,252
894,20,5000,BattleZone-v0,0.0,14000.0,8456.34920635,0.792283050786,162,750,246
895,20,5000,Frostbite-v0,0.0,160.0,74.0243902439,0.792090108401,296,751,249
896,20,5000,Freeway-v0,0.0,23.0,0.0923694779116,0.00356983489514,285,750,245
897,20,5000,Alien-v0,0.0,1940.0,240.775510204,0.291737466588,172,751,252
898,20,5000,ChopperCommand-v0,0.0,1800.0,650.793650794,0.672327824591,193,751,253
899,20,5000,Boxing-v0,-100.0,30.0,-10.3596837945,0.96465597576,260,751,245
900,20,5000,Gravitar-v0,0.0,500.0,2.04081632653,0.00362811791383,161,750,249
901,21,10000,Frostbite-v0,0.0,160.0,67.6706827309,0.715166220437,296,751,248
902,21,10000,DoubleDunk-v0,-12.0,2.0,-0.129032258065,0.97520298442,298,750,244
903,21,10000,Boxing-v0,-54.0,10.0,-12.3032786885,0.870663279827,161,750,251
904,21,10000,ChopperCommand-v0,0.0,1300.0,614.741035857,0.759387171891,275,750,245
905,21,10000,BattleZone-v0,0.0,18000.0,9008.16326531,0.797155734722,164,750,239
906,21,10000,Hero-v0,0.0,2720.0,15.460251046,0.00757732281115,43,750,242
907,21,10000,Centipede-v0,165.0,18238.0,6437.88429752,0.629323992935,192,750,249
908,21,10000,Bowling-v0,0.0,62.0,0.602409638554,0.0115750317724,242,750,254
909,21,10000,BankHeist-v0,0.0,70.0,9.88188976378,0.294891709965,198,751,250
910,21,10000,BattleZone-v0,0.0,18000.0,8864.0,0.784373113855,164,751,249
911,21,10000,Bowling-v0,0.0,91.0,1.30522088353,0.0188829221002,242,750,246
912,21,10000,Centipede-v0,165.0,23425.0,7177.91463415,0.586758129339,164,751,243
913,21,10000,DoubleDunk-v0,-2.0,0.0,-0.082304526749,0.852309099223,42,750,245
914,21,10000,Frostbite-v0,0.0,160.0,73.7551020408,0.78324829932,191,751,244
915,21,10000,Boxing-v0,-100.0,18.0,-12.7418032787,0.958730427839,160,750,243
916,21,10000,Hero-v0,0.0,2720.0,35.8230452675,0.01693503745,43,751,242
917,21,10000,BankHeist-v0,0.0,120.0,9.79338842975,0.179114376084,165,751,247
918,21,10000,ChopperCommand-v0,0.0,1500.0,631.174089069,0.712278702454,165,751,246
919,21,10000,ChopperCommand-v0,0.0,1400.0,670.731707317,0.773629777114,325,751,242
920,21,10000,BattleZone-v0,0.0,23000.0,9433.88429752,0.741319363076,45,751,246
921,21,10000,BankHeist-v0,0.0,120.0,11.4227642276,0.218257552946,175,751,241
922,21,10000,DoubleDunk-v0,-8.0,2.0,-0.0497925311203,0.990539419087,189,750,238
923,21,10000,Boxing-v0,-100.0,17.0,-11.743697479,0.958859673121,162,751,238
924,21,10000,Hero-v0,0.0,2720.0,14.5798319328,0.00671071485111,43,750,241
925,21,10000,Centipede-v0,165.0,20973.0,6377.71784232,0.590310418404,161,751,245
926,21,10000,Frostbite-v0,0.0,160.0,75.1428571429,0.814030612245,191,750,241
927,21,10000,Bowling-v0,0.0,54.0,0.43153526971,0.00760940576182,242,750,242
928,21,10000,BankHeist-v0,0.0,70.0,11.7768595041,0.343846629561,165,750,243
929,21,10000,Boxing-v0,-100.0,23.0,-9.42386831276,0.975117238208,166,751,246
930,21,10000,DoubleDunk-v0,-2.0,0.0,-0.0569105691057,0.86359530262,159,751,247
931,21,10000,Centipede-v0,165.0,17130.0,6618.4048583,0.670867652247,172,750,243
932,21,10000,Hero-v0,0.0,2720.0,28.5596707819,0.0131563932359,43,750,243
933,21,10000,Frostbite-v0,0.0,160.0,71.9341563786,0.776577503429,191,751,240
934,21,10000,BattleZone-v0,0.0,28000.0,8391.66666667,0.589417989418,70,751,241
935,21,10000,ChopperCommand-v0,0.0,1500.0,589.626556017,0.68303058245,296,751,236
936,21,10000,Bowling-v0,0.0,39.0,0.419491525424,0.0122354829004,242,750,240
937,21,10000,ChopperCommand-v0,0.0,1600.0,583.333333333,0.664641203704,294,750,229
938,21,10000,Frostbite-v0,0.0,160.0,67.5545851528,0.742509704027,230,750,236
939,21,10000,DoubleDunk-v0,-2.0,0.0,-0.0254237288136,0.877589453861,285,750,237
940,21,10000,Boxing-v0,-100.0,16.0,-12.6919831224,0.942457380844,171,750,239
941,21,10000,Bowling-v0,0.0,71.0,1.13807531381,0.024828115635,242,750,238
942,21,10000,Hero-v0,0.0,2720.0,25.5042016807,0.0113378540574,43,751,244
943,21,10000,BattleZone-v0,0.0,20000.0,8561.47540984,0.732112932605,70,750,235
944,21,10000,BankHeist-v0,0.0,120.0,12.2553191489,0.234410296822,159,751,241
945,21,10000,Centipede-v0,165.0,19012.0,6988.8879668,0.664036804637,70,751,240
946,22,10000,Alien-v0,0.0,470.0,220.541666667,0.766988582063,262,751,237
947,22,10000,DoubleDunk-v0,-2.0,0.0,-0.0590717299578,0.862634786685,6,751,235
948,22,10000,Boxing-v0,-100.0,18.0,-12.4085106383,0.942301436437,160,750,236
949,22,10000,FishingDerby-v0,-99.0,-95.0,-98.9491525424,0.0188323917137,242,751,237
950,22,10000,ChopperCommand-v0,0.0,1700.0,606.751054852,0.653536371113,347,750,240
951,22,10000,Centipede-v0,165.0,19012.0,7211.8875,0.655167605893,267,750,235
952,22,10000,BattleZone-v0,0.0,22000.0,8595.74468085,0.698669480101,163,751,240
953,22,10000,Frostbite-v0,0.0,160.0,72.25,0.79525462963,160,751,240
954,22,10000,Atlantis-v0,1500.0,4900.0,1535.83333333,0.0128412149173,292,751,236
955,22,10000,Alien-v0,0.0,1010.0,220.254237288,0.4719119336,289,751,236
956,22,10000,DoubleDunk-v0,-2.0,0.0,-0.0169491525424,0.881355932203,157,750,234
957,22,10000,ChopperCommand-v0,0.0,1700.0,629.487179487,0.674572896026,347,751,237
958,22,10000,Boxing-v0,-100.0,22.0,-10.6835443038,0.956576836805,177,750,232
959,22,10000,Atlantis-v0,1500.0,4900.0,1540.94827586,0.0156836230097,314,751,234
960,22,10000,BattleZone-v0,0.0,22000.0,8991.45299145,0.724980967405,163,751,233
961,22,10000,Frostbite-v0,0.0,160.0,75.4935622318,0.813394134478,160,751,237
962,22,10000,FishingDerby-v0,-99.0,-95.0,-98.9831223629,0.00375058602907,242,750,236
963,22,10000,Centipede-v0,165.0,19227.0,6365.88135593,0.603047090899,317,750,233
964,22,10000,Frostbite-v0,0.0,160.0,71.6309012876,0.752950643777,160,750,233
965,22,10000,Alien-v0,0.0,880.0,239.613733906,0.564900861916,159,751,236
966,22,10000,FishingDerby-v0,-99.0,-91.0,-98.9576271186,0.00612052730697,173,750,240
967,22,10000,BattleZone-v0,0.0,22000.0,8945.83333333,0.720110192837,163,751,246
968,22,10000,ChopperCommand-v0,0.0,1700.0,644.308943089,0.688528177093,347,751,243
969,22,10000,Centipede-v0,165.0,19227.0,6549.87654321,0.642385276146,317,750,237
970,22,10000,Atlantis-v0,1500.0,35500.0,1674.26160338,0.00607471647549,282,751,242
971,22,10000,DoubleDunk-v0,-8.0,0.0,-0.0826446280992,0.887970615243,285,751,246
972,22,10000,Boxing-v0,-100.0,22.0,-13.6504065041,0.937893209444,177,750,244
973,22,10000,Boxing-v0,-100.0,22.0,-6.39754098361,0.974815806903,177,751,242
974,22,10000,Frostbite-v0,0.0,160.0,77.8925619835,0.847824839302,4,750,243
975,22,10000,Alien-v0,0.0,430.0,234.979423868,0.838454676993,163,750,246
976,22,10000,DoubleDunk-v0,-22.0,0.0,-0.170731707317,0.887246448222,230,750,241
977,22,10000,ChopperCommand-v0,0.0,1700.0,630.705394191,0.67211940508,347,751,241
978,22,10000,FishingDerby-v0,-99.0,-85.0,-98.8506224066,0.0173125958544,282,750,241
979,22,10000,BattleZone-v0,0.0,22000.0,8029.04564315,0.651951426753,154,751,248
980,22,10000,Atlantis-v0,1500.0,31300.0,1695.16129032,0.00781375245618,282,751,239
981,22,10000,Centipede-v0,165.0,19227.0,6534.76987448,0.632375614106,317,750,236
982,22,10000,DoubleDunk-v0,-2.0,0.0,-0.0847457627119,0.851224105461,285,751,241
983,22,10000,Alien-v0,0.0,450.0,208.87966805,0.748817740439,164,750,240
984,22,10000,Boxing-v0,-100.0,23.0,-8.7375,0.969264571598,310,751,235
985,22,10000,Atlantis-v0,1500.0,31800.0,1756.59574468,0.00798998702389,355,750,235
986,22,10000,ChopperCommand-v0,0.0,1700.0,620.0,0.665105892169,163,750,229
987,22,10000,Centipede-v0,165.0,19227.0,6539.81659389,0.63827650508,317,750,230
988,22,10000,FishingDerby-v0,-99.0,-89.0,-98.8173913043,0.0304541062802,242,751,228
989,22,10000,Frostbite-v0,0.0,160.0,67.8070175439,0.713937621832,169,751,236
990,22,10000,BattleZone-v0,0.0,23000.0,8444.91525424,0.670326345056,163,750,231
991,23,10000,ChopperCommand-v0,0.0,1700.0,674.458874459,0.714610264783,347,750,232
992,23,10000,Alien-v0,0.0,480.0,250.732758621,0.837360978076,199,750,230
993,23,10000,Bowling-v0,0.0,71.0,1.09130434783,0.0249785574712,242,751,231
994,23,10000,DoubleDunk-v0,-24.0,0.0,-0.251082251082,0.885949441505,285,751,231
995,23,10000,Hero-v0,0.0,150.0,7.79220779221,0.046176046176,242,750,234
996,23,10000,Frostbite-v0,0.0,160.0,71.8376068376,0.762019230769,169,750,233
997,23,10000,BankHeist-v0,0.0,120.0,12.9184549356,0.237005245589,159,750,235
998,23,10000,BattleZone-v0,0.0,23000.0,9089.36170213,0.719948875393,163,750,226
999,23,10000,Boxing-v0,-100.0,23.0,-9.86725663717,0.955315197203,310,750,232
1000,23,10000,Hero-v0,0.0,150.0,11.6379310345,0.0689655172414,242,750,230
1001,23,10000,Bowling-v0,0.0,101.0,2.78260869565,0.0482786806446,256,750,232
1002,23,10000,ChopperCommand-v0,0.0,1700.0,654.74137931,0.68767980485,347,751,226
1003,23,10000,Alien-v0,0.0,900.0,252.831858407,0.580868931862,290,751,234
1004,23,10000,DoubleDunk-v0,-12.0,0.0,-0.17094017094,0.888466814393,285,750,232
1005,23,10000,Frostbite-v0,0.0,160.0,76.1206896552,0.80777059387,169,750,234
1006,23,10000,BankHeist-v0,0.0,120.0,13.2478632479,0.245647356758,159,751,237
1007,23,10000,Boxing-v0,-100.0,23.0,-8.86075949367,0.969426705919,310,751,231
1008,23,10000,BattleZone-v0,0.0,19000.0,9199.13419913,0.802761822152,163,750,229
1009,23,10000,BankHeist-v0,0.0,120.0,12.7510917031,0.244757129764,159,750,231
1010,23,10000,Hero-v0,0.0,150.0,5.84415584416,0.034632034632,242,750,221
1011,23,10000,DoubleDunk-v0,-10.0,0.0,-0.253393665158,0.880522875817,285,751,226
1012,23,10000,ChopperCommand-v0,0.0,1700.0,605.309734513,0.648246249741,347,750,228
1013,23,10000,Bowling-v0,0.0,101.0,2.0701754386,0.0361284000556,256,750,225
1014,23,10000,BattleZone-v0,0.0,23000.0,8955.55555556,0.706637727835,163,750,222
1015,23,10000,Boxing-v0,-100.0,23.0,-10.6576576577,0.955130555236,310,751,222
1016,23,10000,Alien-v0,0.0,960.0,262.522522523,0.571585474363,243,751,229
1017,23,10000,Frostbite-v0,0.0,160.0,73.231441048,0.800369966036,169,750,232
1018,23,10000,ChopperCommand-v0,0.0,1700.0,662.931034483,0.709249758051,347,751,231
1019,23,10000,Frostbite-v0,0.0,160.0,73.5064935065,0.804052429052,163,750,228
1020,23,10000,Boxing-v0,-100.0,23.0,-8.92105263158,0.969557581279,310,750,229
1021,23,10000,Alien-v0,0.0,960.0,254.847161572,0.557851838374,243,750,234
1022,23,10000,BankHeist-v0,0.0,120.0,14.0598290598,0.265537617389,159,750,230
1023,23,10000,Bowling-v0,0.0,101.0,3.77826086957,0.0654095198586,256,751,229
1024,23,10000,BattleZone-v0,0.0,31000.0,9471.61572052,0.618678687139,374,751,224
1025,23,10000,DoubleDunk-v0,-20.0,0.0,-0.178571428571,0.886984126984,285,751,229
1026,23,10000,Hero-v0,0.0,150.0,13.1004366812,0.0776322173702,310,750,229
1027,23,10000,BankHeist-v0,0.0,120.0,13.6681222707,0.256563696156,159,750,230
1028,23,10000,BattleZone-v0,0.0,31000.0,9747.82608696,0.631861939304,374,751,228
1029,23,10000,Hero-v0,0.0,150.0,7.23684210526,0.0428849902534,242,751,225
1030,23,10000,Bowling-v0,0.0,101.0,4.93777777778,0.0942675917757,256,750,228
1031,23,10000,DoubleDunk-v0,-24.0,0.0,-0.263157894737,0.883257526532,285,751,227
1032,23,10000,Frostbite-v0,0.0,160.0,70.3964757709,0.769701419481,163,751,229
1033,23,10000,Boxing-v0,-100.0,23.0,-9.95633187773,0.966753813051,310,751,229
1034,23,10000,Alien-v0,0.0,960.0,230.349344978,0.513011988517,243,751,231
1035,23,10000,ChopperCommand-v0,0.0,2400.0,657.575757576,0.565563037785,228,751,238
1036,24,10000,BattleZone-v0,0.0,31000.0,9336.13445378,0.613592089628,374,751,233
1037,24,10000,Alien-v0,0.0,960.0,250.858369099,0.551103924919,243,751,227
1038,24,10000,ChopperCommand-v0,0.0,2400.0,688.986784141,0.586011856203,228,750,233
1039,24,10000,DoubleDunk-v0,-8.0,0.0,-0.0858369098712,0.885073915117,182,750,229
1040,24,10000,Boxing-v0,-100.0,23.0,-9.72925764192,0.966910832408,310,750,227
1041,24,10000,Freeway-v0,0.0,23.0,0.193832599119,0.00811290709111,285,751,234
1042,24,10000,Atlantis-v0,1500.0,20600.0,1582.47863248,0.00391716740867,355,750,229
1043,24,10000,Frostbite-v0,0.0,160.0,73.4497816594,0.786572052402,318,750,229
1044,24,10000,FishingDerby-v0,-99.0,-78.0,-98.8733624454,0.00775441989832,182,750,231
1045,24,10000,Alien-v0,0.0,960.0,227.229437229,0.503448005184,243,751,238
1046,24,10000,ChopperCommand-v0,0.0,2400.0,668.907563025,0.570442992012,228,750,225
1047,24,10000,Frostbite-v0,0.0,160.0,70.7111111111,0.760401234568,323,751,228
1048,24,10000,FishingDerby-v0,-99.0,-91.0,-98.9035087719,0.0180311890838,341,750,227
1049,24,10000,Boxing-v0,-100.0,23.0,-8.44052863436,0.966386417323,310,751,228
1050,24,10000,BattleZone-v0,0.0,31000.0,8916.66666667,0.586616848515,374,751,226
1051,24,10000,Freeway-v0,0.0,21.0,0.362831858407,0.0160357817332,285,750,230
1052,24,10000,Atlantis-v0,1500.0,31800.0,1639.13043478,0.00449090300526,355,750,225
1053,24,10000,DoubleDunk-v0,-18.0,0.0,-0.133333333333,0.885816186557,285,751,224
1054,24,10000,Boxing-v0,-77.0,23.0,-10.0267857143,0.940114285714,310,751,221
1055,24,10000,Freeway-v0,0.0,24.0,0.506787330317,0.0211720015642,6,751,231
1056,24,10000,FishingDerby-v0,-99.0,-89.0,-98.7835497835,0.034632034632,242,750,234
1057,24,10000,Alien-v0,0.0,960.0,233.034188034,0.5128048499,243,751,227
1058,24,10000,Atlantis-v0,1500.0,37100.0,1790.30837004,0.00824101042335,287,750,230
1059,24,10000,ChopperCommand-v0,0.0,2400.0,683.043478261,0.580636070853,228,750,230
1060,24,10000,DoubleDunk-v0,-2.0,0.0,-0.0521739130435,0.865700483092,285,750,221
1061,24,10000,BattleZone-v0,0.0,31000.0,8755.6561086,0.574569078946,374,750,221
1062,24,10000,Frostbite-v0,0.0,160.0,75.3393665158,0.827582956259,323,750,221
1063,24,10000,DoubleDunk-v0,-16.0,0.0,-0.217194570136,0.880341880342,285,750,226
1064,24,10000,Freeway-v0,0.0,21.0,0.464601769912,0.0196656833825,285,750,228
1065,24,10000,ChopperCommand-v0,0.0,2400.0,698.684210526,0.590710959498,228,750,224
1066,24,10000,FishingDerby-v0,-99.0,-89.0,-98.7946428571,0.0347619047619,242,750,228
1067,24,10000,Atlantis-v0,1500.0,37100.0,1808.33333333,0.00789084854261,287,750,227
1068,24,10000,Frostbite-v0,0.0,180.0,72.1145374449,0.732159798892,188,751,229
1069,24,10000,Alien-v0,0.0,1980.0,254.104803493,0.301742274365,199,751,229
1070,24,10000,BattleZone-v0,0.0,31000.0,9515.28384279,0.620657864377,374,751,226
1071,24,10000,Boxing-v0,-100.0,23.0,-7.79646017699,0.974836075435,310,751,224
1072,24,10000,Boxing-v0,-100.0,23.0,-4.83928571429,0.973006745166,310,751,230
1073,24,10000,Atlantis-v0,1500.0,37100.0,1780.0,0.00825543546873,287,751,225
1074,24,10000,FishingDerby-v0,-99.0,-89.0,-98.8844444444,0.017224691358,242,750,224
1075,24,10000,Frostbite-v0,0.0,180.0,65.8482142857,0.665784832451,188,751,228
1076,24,10000,Freeway-v0,0.0,21.0,0.0921052631579,0.00389863547758,294,751,227
1077,24,10000,ChopperCommand-v0,0.0,2400.0,601.762114537,0.514793060314,228,751,222
1078,24,10000,BattleZone-v0,0.0,31000.0,9166.66666667,0.599763134623,374,751,227
1079,24,10000,DoubleDunk-v0,-12.0,0.0,-0.105726872247,0.887583618861,43,750,224
1080,24,10000,Alien-v0,0.0,1980.0,252.723214286,0.29965965572,199,751,226
1081,25,10000,DoubleDunk-v0,-2.0,0.0,-0.0176991150442,0.881022615536,174,750,225
1082,25,10000,BankHeist-v0,0.0,120.0,14.0444444444,0.263484224966,159,751,225
1083,25,10000,BattleZone-v0,0.0,31000.0,9800.0,0.637899307563,374,750,229
1084,25,10000,Asteroids-v0,80.0,2850.0,301.834061135,0.191791612704,287,750,222
1085,25,10000,Alien-v0,0.0,1980.0,253.828828829,0.301869873138,166,751,224
1086,25,10000,Frostbite-v0,0.0,180.0,76.1607142857,0.783264746228,188,751,223
1087,25,10000,Boxing-v0,-100.0,23.0,-10.9820627803,0.954821387751,310,751,228
1088,25,10000,ChopperCommand-v0,0.0,2400.0,649.561403509,0.558032813515,228,751,227
1089,25,10000,Centipede-v0,160.0,23348.0,6284.44933921,0.535781753192,309,751,224
1090,25,10000,DoubleDunk-v0,-2.0,0.0,-0.0178571428571,0.880952380952,159,750,217
1091,25,10000,Boxing-v0,-100.0,23.0,-12.2073732719,0.936915525288,310,750,223
1092,25,10000,Alien-v0,0.0,1980.0,257.040358744,0.305243656182,199,751,222
1093,25,10000,Centipede-v0,160.0,23348.0,6526.1981982,0.553751269517,309,750,220
1094,25,10000,Asteroids-v0,80.0,3000.0,308.5,0.185550475671,182,750,223
1095,25,10000,BankHeist-v0,0.0,120.0,14.5739910314,0.259369982838,159,750,221
1096,25,10000,ChopperCommand-v0,0.0,2400.0,652.036199095,0.560792693146,228,750,218
1097,25,10000,BattleZone-v0,0.0,31000.0,9605.50458716,0.624536325459,374,750,218
1098,25,10000,Frostbite-v0,0.0,180.0,76.1926605505,0.786851411384,188,751,219
1099,25,10000,ChopperCommand-v0,0.0,2400.0,653.881278539,0.55530187722,228,750,223
1100,25,10000,DoubleDunk-v0,-8.0,0.0,-0.0448430493274,0.885401096163,275,751,222
1101,25,10000,Boxing-v0,-100.0,23.0,-11.9324324324,0.948626066744,310,751,226
1102,25,10000,Alien-v0,0.0,1980.0,251.85840708,0.301019993043,199,750,229
1103,25,10000,Centipede-v0,165.0,23348.0,6000.06113537,0.519628227102,309,751,228
1104,25,10000,BankHeist-v0,0.0,120.0,11.8421052632,0.22633744856,159,751,222
1105,25,10000,BattleZone-v0,0.0,31000.0,9225.22522523,0.607391991367,374,751,225
1106,25,10000,Asteroids-v0,80.0,1300.0,309.6,0.41446020418,182,751,225
1107,25,10000,Frostbite-v0,0.0,180.0,74.9777777778,0.77373571102,188,750,223
1108,25,10000,Alien-v0,0.0,1920.0,266.098654709,0.323350910701,169,751,219
1109,25,10000,Boxing-v0,-100.0,23.0,-9.05479452055,0.965338810062,310,751,219
1110,25,10000,BankHeist-v0,0.0,120.0,14.5205479452,0.263825469305,159,751,218
1111,25,10000,BattleZone-v0,0.0,31000.0,9348.62385321,0.612401497336,374,751,219
1112,25,10000,DoubleDunk-v0,-8.0,0.0,-0.0730593607306,0.885844748858,159,750,221
1113,25,10000,Frostbite-v0,0.0,200.0,75.8823529412,0.726656611362,49,751,221
1114,25,10000,Asteroids-v0,80.0,1660.0,308.50678733,0.312632473316,287,751,221
1115,25,10000,ChopperCommand-v0,0.0,2400.0,665.158371041,0.566728115748,228,751,217
1116,25,10000,Centipede-v0,165.0,23348.0,6611.70967742,0.571777594409,309,750,216
1117,25,10000,BattleZone-v0,0.0,31000.0,9388.88888889,0.615391203436,374,751,217
1118,25,10000,DoubleDunk-v0,-6.0,0.0,-0.0645161290323,0.886613187688,161,750,211
1119,25,10000,Alien-v0,0.0,1980.0,241.990521327,0.288782044411,199,750,216
1120,25,10000,ChopperCommand-v0,0.0,2400.0,693.518518519,0.58996342021,382,750,209
1121,25,10000,Frostbite-v0,0.0,160.0,73.3971291866,0.804093567251,5,751,215
1122,25,10000,BankHeist-v0,0.0,120.0,13.0697674419,0.248349124318,159,750,221
1123,25,10000,Boxing-v0,-100.0,18.0,-12.2669683258,0.942892313932,287,751,220
1124,25,10000,Centipede-v0,165.0,23348.0,6439.33181818,0.552035812802,309,750,215
1125,25,10000,Asteroids-v0,80.0,1280.0,300.604651163,0.400706861901,287,750,220
1126,26,10000,FishingDerby-v0,-99.0,-93.0,-98.9363636364,0.0130190796857,287,751,219
1127,26,10000,BattleZone-v0,0.0,31000.0,8397.26027397,0.553951125872,374,751,223
1128,26,10000,Gravitar-v0,0.0,100.0,0.448430493274,0.0039860488291,287,750,218
1129,26,10000,Frostbite-v0,0.0,160.0,66.1467889908,0.705211518858,5,751,221
1130,26,10000,Boxing-v0,-100.0,23.0,-12.0045248869,0.941210234185,310,750,222
1131,26,10000,DoubleDunk-v0,-16.0,0.0,-0.117117117117,0.886511511512,275,751,223
1132,26,10000,Centipede-v0,165.0,23348.0,6426.07174888,0.5496510087,309,750,222
1133,26,10000,ChopperCommand-v0,0.0,2400.0,594.594594595,0.51290179068,228,750,216
1134,26,10000,Hero-v0,0.0,150.0,5.20833333333,0.0329218106996,310,750,212
1135,26,10000,Frostbite-v0,0.0,160.0,73.3018867925,0.780136268344,5,751,216
1136,26,10000,Centipede-v0,165.0,23348.0,6192.90277778,0.521415554941,309,750,217
1137,26,10000,Gravitar-v0,0.0,350.0,2.76497695853,0.00869410744328,264,751,214
1138,26,10000,BattleZone-v0,0.0,31000.0,8387.85046729,0.550244585566,374,750,219
1139,26,10000,Hero-v0,0.0,150.0,8.56164383562,0.052765093861,310,750,217
1140,26,10000,Boxing-v0,-100.0,23.0,-14.4930875576,0.932645167247,310,751,219
1141,26,10000,FishingDerby-v0,-99.0,-93.0,-98.7899543379,0.0329218106996,287,751,214
1142,26,10000,ChopperCommand-v0,0.0,2400.0,573.364485981,0.490178262375,228,750,210
1143,26,10000,DoubleDunk-v0,-22.0,0.0,-0.361904761905,0.880982990074,160,751,211
1144,26,10000,Centipede-v0,165.0,23348.0,6353.36018957,0.531243121966,309,750,208
1145,26,10000,Hero-v0,0.0,150.0,10.4567307692,0.0641025641026,310,750,210
1146,26,10000,ChopperCommand-v0,0.0,2400.0,579.047619048,0.4949441505,228,751,211
1147,26,10000,BattleZone-v0,0.0,31000.0,8601.8957346,0.560768332531,374,750,218
1148,26,10000,Boxing-v0,-100.0,23.0,-8.11467889908,0.973697017744,310,750,212
1149,26,10000,Gravitar-v0,0.0,250.0,1.17924528302,0.0041928721174,287,750,215
1150,26,10000,FishingDerby-v0,-99.0,-85.0,-98.776744186,0.0253124505616,163,750,214
1151,26,10000,DoubleDunk-v0,-24.0,0.0,-0.308411214953,0.884562132226,159,751,215
1152,26,10000,Frostbite-v0,0.0,160.0,70.3720930233,0.749063307494,222,751,219
1153,26,10000,Frostbite-v0,0.0,160.0,82.8767123288,0.839643581938,222,751,218
1154,26,10000,DoubleDunk-v0,-6.0,0.0,-0.0642201834862,0.886623626685,159,751,218
1155,26,10000,Centipede-v0,165.0,23348.0,6899.08715596,0.565753622443,309,750,213
1156,26,10000,Gravitar-v0,0.0,250.0,3.99061032864,0.0161919666145,291,750,211
1157,26,10000,FishingDerby-v0,-99.0,-85.0,-98.8388625592,0.0184844870018,163,750,210
1158,26,10000,Boxing-v0,-100.0,23.0,-12.4904761905,0.944808404336,310,750,214
1159,26,10000,BattleZone-v0,0.0,31000.0,9018.69158879,0.585155433668,374,751,216
1160,26,10000,ChopperCommand-v0,0.0,2400.0,626.388888889,0.535365226337,228,750,218
1161,26,10000,Hero-v0,0.0,150.0,7.2247706422,0.0448521916412,310,750,213
1162,26,10000,BattleZone-v0,0.0,31000.0,9197.18309859,0.592049774269,374,751,218
1163,26,10000,DoubleDunk-v0,-4.0,0.0,-0.0642201834862,0.884811416922,166,751,214
1164,26,10000,Hero-v0,0.0,150.0,10.8644859813,0.0664589823468,310,751,209
1165,26,10000,ChopperCommand-v0,0.0,2400.0,526.794258373,0.450277630102,228,751,211
1166,26,10000,Boxing-v0,-100.0,25.0,-10.6208530806,0.952164431806,310,750,208
1167,26,10000,Frostbite-v0,0.0,160.0,74.0384615385,0.808827457265,222,751,213
1168,26,10000,FishingDerby-v0,-99.0,-85.0,-98.8403755869,0.0183109237435,163,751,213
1169,26,10000,Gravitar-v0,0.0,100.0,0.469483568075,0.00417318727178,287,750,215
1170,26,10000,Centipede-v0,165.0,23348.0,7136.15348837,0.589136464553,309,751,212
1171,27,10000,DoubleDunk-v0,-18.0,2.0,-0.0943396226415,0.955471698113,223,751,210
1172,27,10000,Bowling-v0,0.0,101.0,2.4,0.0338723924255,256,750,207
1173,27,10000,Frostbite-v0,0.0,160.0,68.9855072464,0.729267310789,222,751,210
1174,27,10000,Centipede-v0,160.0,23348.0,6895.99047619,0.577334725306,309,751,204
1175,27,10000,Atlantis-v0,1500.0,42500.0,2148.52941176,0.0196867981114,174,750,209
1176,27,10000,BattleZone-v0,0.0,31000.0,7569.37799043,0.493505070974,374,751,208
1177,27,10000,Boxing-v0,-100.0,25.0,-10.4326923077,0.955973470085,198,750,213
1178,27,10000,BankHeist-v0,0.0,140.0,13.0046948357,0.208659363589,45,751,217
1179,27,10000,ChopperCommand-v0,0.0,2400.0,633.179723502,0.540592820163,228,751,216
1180,27,10000,Atlantis-v0,1500.0,42500.0,2327.31481481,0.0235684716377,174,750,208
1181,27,10000,ChopperCommand-v0,0.0,2400.0,643.75,0.549516263058,228,750,208
1182,27,10000,Centipede-v0,165.0,23348.0,6654.77884615,0.570494104966,309,750,210
1183,27,10000,Boxing-v0,-100.0,25.0,-10.4095238095,0.955166069841,198,751,204
1184,27,10000,BattleZone-v0,0.0,21000.0,9397.05882353,0.778355786759,374,750,209
1185,27,10000,DoubleDunk-v0,-14.0,2.0,-0.0861244019139,0.967570441255,223,751,208
1186,27,10000,Bowling-v0,0.0,101.0,2.20192307692,0.0307737552125,256,751,216
1187,27,10000,BankHeist-v0,0.0,140.0,12.5462962963,0.202653901067,45,750,212
1188,27,10000,Frostbite-v0,0.0,160.0,74.5754716981,0.821246069182,223,750,211
1189,27,10000,Centipede-v0,160.0,23348.0,6809.35545024,0.583208315105,309,751,213
1190,27,10000,ChopperCommand-v0,0.0,2400.0,643.661971831,0.544267663595,228,751,215
1191,27,10000,Atlantis-v0,1500.0,42500.0,2638.60465116,0.0383343616987,174,750,213
1192,27,10000,Boxing-v0,-100.0,25.0,-14.1502347418,0.936875601461,198,751,213
1193,27,10000,BankHeist-v0,0.0,140.0,13.3802816901,0.222030596276,45,750,206
1194,27,10000,Frostbite-v0,0.0,160.0,74.4174757282,0.812331445523,223,751,210
1195,27,10000,Bowling-v0,0.0,101.0,2.98571428571,0.0454620851053,256,750,210
1196,27,10000,DoubleDunk-v0,-24.0,2.0,-0.409523809524,0.934147334147,223,751,213
1197,27,10000,BattleZone-v0,0.0,31000.0,7821.59624413,0.516146402444,374,750,204
1198,27,10000,Atlantis-v0,1500.0,37100.0,1771.07843137,0.010449663741,174,750,200
1199,27,10000,Frostbite-v0,0.0,160.0,67.5,0.732916666667,223,750,203
1200,27,10000,ChopperCommand-v0,0.0,2400.0,653.201970443,0.555677187861,228,750,211
1201,27,10000,Bowling-v0,0.0,101.0,2.02369668246,0.0329499234941,256,751,211
1202,27,10000,Centipede-v0,165.0,23348.0,7095.51184834,0.57533915439,309,750,203
1203,27,10000,BattleZone-v0,0.0,31000.0,8911.33004926,0.578192643929,374,750,205
1204,27,10000,BankHeist-v0,0.0,140.0,15.9512195122,0.257153918478,45,750,205
1205,27,10000,DoubleDunk-v0,-14.0,2.0,-0.156097560976,0.966802168022,223,750,203
1206,27,10000,Boxing-v0,-100.0,25.0,-9.13300492611,0.960996816639,198,750,207
1207,27,10000,BankHeist-v0,0.0,140.0,15.7971014493,0.250725733127,45,751,210
1208,27,10000,Atlantis-v0,1500.0,42500.0,1864.76190476,0.00887624839082,174,751,213
1209,27,10000,Frostbite-v0,0.0,160.0,71.4084507042,0.771746218049,223,750,211
