tpgGen,envGen,frames,envName,tpgMin,tpgMax,tpgAvg,envFit,championSize,totalTeams,totalRootTeams
1,1,200,Bowling-v0,0.0,0.0,0.0,0.0,5,750,664
2,1,200,DoubleDunk-v0,-4.0,0.0,-0.25,0.887884872825,5,751,630
3,1,200,Alien-v0,0.0,140.0,59.9047619048,0.53157686355,4,751,616
4,1,200,BankHeist-v0,0.0,10.0,0.113636363636,0.010101010101,4,751,607
5,1,200,Asteroids-v0,0.0,310.0,25.7495881384,0.180800439167,11,750,601
6,1,200,Hero-v0,0.0,0.0,0.0,0.0,5,750,597
7,1,200,BattleZone-v0,0.0,1000.0,68.6767169179,0.0610459705937,6,751,599
8,1,200,FishingDerby-v0,-6.0,6.0,-5.97662771285,0.00214349017911,15,751,595
9,1,200,ChopperCommand-v0,0.0,600.0,80.3361344538,0.272891378774,6,751,590
10,1,200,Gravitar-v0,0.0,0.0,0.0,0.0,5,751,580
11,1,200,Boxing-v0,-19.0,2.0,-2.81896551724,0.929399397051,11,751,577
12,1,200,Freeway-v0,0.0,2.0,0.159445407279,0.0708646254573,6,751,580
13,1,200,Boxing-v0,-19.0,3.0,-1.34137931034,0.953662011969,6,750,574
14,1,200,BankHeist-v0,0.0,10.0,0.0174216027875,0.00154858691444,4,750,565
15,1,200,FishingDerby-v0,-6.0,-4.0,-5.98938053097,0.0047197640118,13,750,560
16,1,200,DoubleDunk-v0,-3.0,2.0,-0.15,0.921650793651,4,750,557
17,1,200,Bowling-v0,0.0,0.0,0.0,0.0,4,751,567
18,1,200,BattleZone-v0,0.0,1000.0,38.8007054674,0.034489515971,6,751,569
19,1,200,Alien-v0,0.0,140.0,67.7504393673,0.61263544668,6,750,560
20,1,200,ChopperCommand-v0,0.0,300.0,112.142857143,0.562962962963,5,750,545
21,1,200,Freeway-v0,0.0,2.0,0.0403669724771,0.0179408766565,6,751,567
22,1,200,Asteroids-v0,0.0,260.0,25.5731922399,0.206241368635,11,751,547
23,1,200,Hero-v0,0.0,0.0,0.0,0.0,4,750,555
24,1,200,Gravitar-v0,0.0,0.0,0.0,0.0,4,751,552
25,1,200,Gravitar-v0,0.0,0.0,0.0,0.0,4,751,561
26,1,200,BattleZone-v0,0.0,1000.0,58.8235294118,0.0522875816993,6,751,551
27,1,200,DoubleDunk-v0,-2.0,2.0,-0.150635208711,0.817301875378,4,750,543
28,1,200,BankHeist-v0,0.0,0.0,0.0,0.0,4,750,541
29,1,200,ChopperCommand-v0,0.0,300.0,117.005545287,0.580361014126,5,751,534
30,1,200,Bowling-v0,0.0,0.0,0.0,0.0,4,750,518
31,1,200,FishingDerby-v0,-6.0,6.0,-5.88803088803,0.0156346823013,6,750,522
32,1,200,Boxing-v0,-19.0,0.0,-1.32567049808,0.88073783976,3,751,534
33,1,200,Alien-v0,0.0,140.0,77.9775280899,0.692637604355,6,750,523
34,1,200,Hero-v0,0.0,0.0,0.0,0.0,4,750,511
35,1,200,Freeway-v0,0.0,2.0,0.0352250489237,0.0156555772994,6,750,519
36,1,200,Asteroids-v0,0.0,360.0,31.9460500963,0.192746946618,10,750,518
37,1,200,Bowling-v0,0.0,0.0,0.0,0.0,4,751,519
38,1,200,Asteroids-v0,0.0,330.0,41.9075144509,0.267292138606,8,750,507
39,1,200,FishingDerby-v0,-6.0,-4.0,-5.9842209073,0.00701293008985,13,750,519
40,1,200,ChopperCommand-v0,0.0,400.0,126.204238921,0.567972596874,21,751,523
41,1,200,BankHeist-v0,0.0,0.0,0.0,0.0,5,751,525
42,1,200,Gravitar-v0,0.0,100.0,0.190476190476,0.00169312169312,6,751,515
43,1,200,Freeway-v0,0.0,3.0,0.13786407767,0.0669303607815,7,751,514
44,1,200,Hero-v0,0.0,0.0,0.0,0.0,4,750,527
45,1,200,BattleZone-v0,0.0,1000.0,18.9753320683,0.0168669618385,21,751,539
46,1,200,Boxing-v0,-19.0,0.0,-1.46382189239,0.887066150224,5,751,520
47,1,200,DoubleDunk-v0,-2.0,2.0,-0.0846153846154,0.847863247863,19,750,527
48,1,200,Alien-v0,0.0,140.0,75.1423149905,0.669962608699,6,750,526
49,1,200,Alien-v0,0.0,140.0,99.4296577947,0.831742582965,6,751,531
50,1,200,Boxing-v0,-19.0,1.0,-1.44444444444,0.90435655995,11,751,525
51,1,200,FishingDerby-v0,-6.0,-4.0,-5.96571428571,0.0152380952381,13,751,520
52,1,200,Freeway-v0,0.0,2.0,0.0711538461538,0.0324786324786,19,751,520
53,1,200,Asteroids-v0,0.0,380.0,38.0769230769,0.214399696948,8,750,520
54,1,200,ChopperCommand-v0,0.0,400.0,126.346153846,0.582264957265,6,750,510
55,1,200,BankHeist-v0,0.0,10.0,0.0196078431373,0.00174291938998,11,751,511
56,1,200,Bowling-v0,0.0,0.0,0.0,0.0,3,750,506
57,1,200,BattleZone-v0,0.0,1000.0,25.6916996047,0.0228370663153,6,750,512
58,1,200,Gravitar-v0,0.0,0.0,0.0,0.0,4,750,491
59,1,200,DoubleDunk-v0,-4.0,2.0,-0.175152749491,0.959895401172,4,751,499
60,1,200,Hero-v0,0.0,0.0,0.0,0.0,4,750,501
61,2,200,Asteroids-v0,0.0,380.0,53.9720558882,0.288304892216,8,751,508
62,2,200,Centipede-v0,0.0,2232.0,154.86023622,0.152420168435,25,751,506
63,2,200,ChopperCommand-v0,0.0,400.0,127.865612648,0.568950373298,63,751,515
64,2,200,FishingDerby-v0,-6.0,-4.0,-5.98834951456,0.00517799352751,13,751,510
65,2,200,Atlantis-v0,0.0,400.0,8.62745098039,0.0248366013072,17,750,496
66,2,200,Alien-v0,0.0,140.0,89.0120967742,0.735132762783,12,751,509
67,2,200,Boxing-v0,-19.0,1.0,-1.05500982318,0.921161318489,11,750,511
68,2,200,BankHeist-v0,0.0,10.0,0.0195694716243,0.00173950858882,11,750,512
69,2,200,DoubleDunk-v0,-2.0,2.0,-0.01953125,0.876736111111,20,751,516
70,2,200,Frostbite-v0,0.0,50.0,3.29457364341,0.0842032730405,54,750,511
71,2,200,BattleZone-v0,0.0,1000.0,15.6555772994,0.0139160687106,6,751,513
72,2,200,Freeway-v0,0.0,3.0,0.115009746589,0.0556397853344,7,750,507
73,2,200,Frostbite-v0,0.0,80.0,4.31952662722,0.094838921762,6,750,504
74,2,200,ChopperCommand-v0,0.0,400.0,150.992063492,0.660714285714,21,751,490
75,2,200,Atlantis-v0,0.0,400.0,10.4081632653,0.0301587301587,18,751,493
76,2,200,Centipede-v0,0.0,2032.0,177.582150101,0.192655946277,10,751,493
77,2,200,Boxing-v0,-19.0,1.0,-0.649087221095,0.927861167455,11,750,502
78,2,200,FishingDerby-v0,-6.0,4.0,-5.93227091633,0.011969898185,23,750,493
79,2,200,BankHeist-v0,0.0,10.0,0.0202839756592,0.0018030200586,6,751,494
80,2,200,Freeway-v0,0.0,3.0,0.0951417004049,0.0457839756085,39,750,502
81,2,200,Alien-v0,0.0,140.0,85.9760956175,0.661770152948,6,750,502
82,2,200,DoubleDunk-v0,-2.0,2.0,-0.0796812749004,0.851704293935,20,750,500
83,2,200,BattleZone-v0,0.0,1000.0,30.0,0.0266666666667,6,751,498
84,2,200,Asteroids-v0,0.0,430.0,42.8313253012,0.214173682893,70,750,497
85,2,200,Freeway-v0,0.0,2.0,0.116700201207,0.0518667560921,39,750,496
86,2,200,Boxing-v0,-19.0,1.0,-0.965725806452,0.912284946237,11,751,504
87,2,200,Frostbite-v0,0.0,70.0,5.41666666667,0.123060864557,11,750,501
88,2,200,FishingDerby-v0,-6.0,4.0,-5.97205588822,0.00361942781104,23,751,507
89,2,200,Centipede-v0,0.0,1811.0,201.270216963,0.238915024696,36,750,509
90,2,200,DoubleDunk-v0,-2.0,2.0,-0.135559921415,0.82536564069,7,751,510
91,2,200,Atlantis-v0,0.0,400.0,9.01960784314,0.0244008714597,94,751,513
92,2,200,ChopperCommand-v0,0.0,600.0,136.842105263,0.466488580849,12,751,495
93,2,200,BattleZone-v0,0.0,1000.0,20.202020202,0.0179573512907,6,751,501
94,2,200,Alien-v0,0.0,140.0,98.1437125749,0.734349894316,3,751,497
95,2,200,Asteroids-v0,0.0,430.0,42.5955734406,0.209234252943,70,751,496
96,2,200,BankHeist-v0,0.0,10.0,0.0403225806452,0.00358422939068,114,750,497
97,2,200,Boxing-v0,-19.0,1.0,-1.04024144869,0.916217303823,11,751,494
98,2,200,BankHeist-v0,0.0,10.0,0.0404858299595,0.00359874044085,6,750,491
99,2,200,Freeway-v0,0.0,2.0,0.0977596741344,0.0434487440597,10,750,485
100,2,200,Atlantis-v0,0.0,400.0,6.18556701031,0.0146620847652,17,751,483
101,2,200,Asteroids-v0,0.0,430.0,43.850931677,0.224936713097,11,751,498
102,2,200,Frostbite-v0,0.0,60.0,8.25301204819,0.20982696217,28,751,511
103,2,200,ChopperCommand-v0,0.0,600.0,114.872798434,0.392549104878,12,751,499
104,2,200,Centipede-v0,0.0,2232.0,184.921843687,0.188695791341,6,751,490
105,2,200,DoubleDunk-v0,-2.0,2.0,-0.102040816327,0.838095238095,20,750,479
106,2,200,Alien-v0,0.0,140.0,78.9770354906,0.575499789338,6,750,479
107,2,200,FishingDerby-v0,-6.0,-6.0,-6.0,0.0,4,751,481
108,2,200,BattleZone-v0,0.0,1000.0,41.58004158,0.03696003696,6,750,470
109,2,200,DoubleDunk-v0,-4.0,2.0,-0.0957446808511,0.970843183609,4,751,482
110,2,200,BattleZone-v0,0.0,1000.0,43.5684647303,0.0387275242047,6,751,486
111,2,200,Freeway-v0,0.0,2.0,0.133744855967,0.0640146319159,6,751,481
112,2,200,Atlantis-v0,0.0,700.0,25.7796257796,0.0607954893669,57,751,486
113,2,200,BankHeist-v0,0.0,10.0,0.082304526749,0.00731595793324,6,751,479
114,2,200,Asteroids-v0,0.0,480.0,44.0501043841,0.198004458878,37,750,468
115,2,200,Frostbite-v0,0.0,40.0,7.5641025641,0.17094017094,6,750,474
116,2,200,Centipede-v0,0.0,2235.0,233.812236287,0.227513918267,10,751,480
117,2,200,Boxing-v0,-19.0,1.0,-1.74375,0.908324074074,11,750,475
118,2,200,FishingDerby-v0,-6.0,-6.0,-6.0,0.0,6,750,471
119,2,200,ChopperCommand-v0,0.0,600.0,121.44373673,0.421273361118,12,750,477
120,2,200,Alien-v0,0.0,140.0,103.878406709,0.739732930209,10,751,475
121,3,200,Centipede-v0,0.0,2235.0,207.347368421,0.207962012564,10,750,485
122,3,200,Gravitar-v0,0.0,0.0,0.0,0.0,6,750,469
123,3,200,BattleZone-v0,0.0,1000.0,31.9829424307,0.0284292821606,6,751,479
124,3,200,DoubleDunk-v0,-4.0,0.0,-0.104384133612,0.887033170958,6,750,475
125,3,200,Alien-v0,0.0,140.0,101.831578947,0.692130325815,10,750,468
126,3,200,Asteroids-v0,0.0,480.0,40.5128205128,0.181172180015,11,750,459
127,3,200,Boxing-v0,-19.0,1.0,-1.30718954248,0.900285645122,11,750,459
128,3,200,Bowling-v0,0.0,0.0,0.0,0.0,6,750,455
129,3,200,ChopperCommand-v0,0.0,300.0,135.384615385,0.689404422738,16,750,461
130,3,200,BattleZone-v0,0.0,1000.0,13.0151843818,0.0115690527838,6,751,459
131,3,200,Asteroids-v0,0.0,430.0,52.5925925926,0.261478755715,11,750,455
132,3,200,ChopperCommand-v0,0.0,600.0,163.516483516,0.553954687288,9,751,460
133,3,200,Boxing-v0,-19.0,2.0,-0.45,0.951798174987,11,751,465
134,3,200,Gravitar-v0,0.0,100.0,0.215053763441,0.00191158900836,14,750,475
135,3,200,Centipede-v0,0.0,2235.0,230.362105263,0.222127346212,10,750,466
136,3,200,Bowling-v0,0.0,0.0,0.0,0.0,6,750,467
137,3,200,Alien-v0,0.0,140.0,100.535331906,0.692683068945,6,751,474
138,3,200,DoubleDunk-v0,-3.0,2.0,-0.0801687763713,0.938546647914,20,751,468
139,3,200,ChopperCommand-v0,0.0,600.0,142.735042735,0.490872639021,139,750,477
140,3,200,Alien-v0,0.0,140.0,116.666666667,0.786396459352,23,751,481
141,3,200,Asteroids-v0,0.0,430.0,44.0748440748,0.215163784661,11,751,475
142,3,200,Bowling-v0,0.0,0.0,0.0,0.0,6,751,487
143,3,200,Boxing-v0,-19.0,2.0,-0.911704312115,0.946741766141,22,750,491
144,3,200,DoubleDunk-v0,-6.0,2.0,-0.0529531568228,0.993890020367,7,750,480
145,3,200,Centipede-v0,0.0,2031.0,215.36875,0.23235325538,47,751,473
146,3,200,Gravitar-v0,0.0,100.0,0.211416490486,0.00187925769321,14,751,482
147,3,200,BattleZone-v0,0.0,1000.0,43.5684647303,0.0387275242047,6,751,470
148,3,200,Asteroids-v0,0.0,430.0,46.8085106383,0.228955144113,11,751,481
149,3,200,Boxing-v0,-21.0,2.0,-1.26195426195,0.933873236331,22,750,483
150,3,200,BattleZone-v0,0.0,1000.0,26.9151138716,0.0239245456637,6,751,487
151,3,200,Centipede-v0,0.0,2031.0,238.190965092,0.255153265337,47,750,484
152,3,200,ChopperCommand-v0,0.0,600.0,120.247933884,0.413835322926,139,750,477
153,3,200,Bowling-v0,0.0,0.0,0.0,0.0,6,750,474
154,3,200,DoubleDunk-v0,-2.0,2.0,-0.0654008438819,0.858180965776,7,751,478
155,3,200,Gravitar-v0,0.0,0.0,0.0,0.0,7,751,476
156,3,200,Alien-v0,0.0,140.0,108.634453782,0.748146877799,6,751,473
157,3,200,Alien-v0,0.0,140.0,122.875264271,0.811724266874,6,750,481
158,3,200,Bowling-v0,0.0,0.0,0.0,0.0,6,751,493
159,3,200,Asteroids-v0,0.0,430.0,42.8803245436,0.213829012704,11,751,482
160,3,200,Boxing-v0,-19.0,2.0,-1.10373443983,0.929084220133,82,750,479
161,3,200,Centipede-v0,0.0,1520.0,206.538622129,0.287568109924,84,750,475
162,3,200,DoubleDunk-v0,-2.0,2.0,-0.0210526315789,0.877660818713,5,751,481
163,3,200,Gravitar-v0,0.0,100.0,0.2079002079,0.001848001848,6,751,475
164,3,200,ChopperCommand-v0,0.0,600.0,143.789473684,0.491124106563,139,750,482
165,3,200,BattleZone-v0,0.0,1000.0,22.8215767635,0.020285846012,6,751,482
166,4,200,Boxing-v0,-19.0,2.0,-0.672199170124,0.951799684066,10,750,485
167,4,200,DoubleDunk-v0,-4.0,2.0,-0.0762886597938,0.974417716686,7,751,484
168,4,200,Frostbite-v0,0.0,40.0,2.85123966942,0.0665748393021,11,750,479
169,4,200,Atlantis-v0,0.0,700.0,14.1962421712,0.0352965124811,57,751,489
170,4,200,ChopperCommand-v0,0.0,600.0,150.306748466,0.516044333359,139,750,487
171,4,200,Bowling-v0,0.0,0.0,0.0,0.0,11,751,491
172,4,200,Alien-v0,0.0,140.0,112.83095723,0.782040446864,11,751,494
173,4,200,Asteroids-v0,0.0,430.0,38.9473684211,0.194518830254,11,750,491
174,4,200,Centipede-v0,0.0,2235.0,208.439918534,0.211324480459,10,750,480
175,4,200,Alien-v0,0.0,140.0,110.729166667,0.753590325019,10,750,475
176,4,200,ChopperCommand-v0,0.0,600.0,151.157894737,0.520025990903,139,750,489
177,4,200,Frostbite-v0,0.0,80.0,6.27811860941,0.123892297205,11,751,489
178,4,200,DoubleDunk-v0,-4.0,2.0,-0.0695296523517,0.974324017269,10,750,492
179,4,200,Asteroids-v0,0.0,480.0,55.243902439,0.249096657633,37,750,486
180,4,200,Atlantis-v0,0.0,700.0,8.02469135802,0.0197456211566,43,751,486
181,4,200,Centipede-v0,0.0,1433.0,270.127572016,0.37686379032,47,751,493
182,4,200,Bowling-v0,0.0,0.0,0.0,0.0,6,750,492
183,4,200,Boxing-v0,-16.0,2.0,-0.634146341463,0.959684164743,22,751,491
184,4,200,Boxing-v0,-19.0,2.0,-0.366598778004,0.952904357036,22,751,491
185,4,200,Bowling-v0,0.0,0.0,0.0,0.0,7,750,482
186,4,200,Frostbite-v0,0.0,80.0,5.16597510373,0.11428077455,11,751,477
187,4,200,Centipede-v0,0.0,2235.0,250.708595388,0.249507052028,10,751,485
188,4,200,DoubleDunk-v0,-4.0,2.0,-0.0907216494845,0.971770395825,6,750,484
189,4,200,Asteroids-v0,0.0,480.0,58.6570247934,0.262165531578,245,751,477
190,4,200,Alien-v0,0.0,140.0,90.8176100629,0.644428281445,6,751,459
191,4,200,Atlantis-v0,0.0,700.0,5.66448801743,0.0141488694243,57,751,451
192,4,200,ChopperCommand-v0,0.0,300.0,136.363636364,0.673838657578,139,750,467
193,4,200,ChopperCommand-v0,0.0,600.0,175.588865096,0.598302799588,139,750,467
194,4,200,Atlantis-v0,0.0,700.0,7.92291220557,0.0186067289157,57,751,465
195,4,200,Asteroids-v0,0.0,410.0,50.688172043,0.25400480598,37,751,454
196,4,200,Centipede-v0,0.0,1930.0,257.508810573,0.295428829443,6,750,456
197,4,200,Frostbite-v0,0.0,70.0,13.2456140351,0.307116998846,11,750,452
198,4,200,DoubleDunk-v0,-2.0,2.0,-0.070796460177,0.8534906588,7,751,452
199,4,200,Bowling-v0,0.0,0.0,0.0,0.0,6,750,454
200,4,200,Boxing-v0,-19.0,2.0,-1.07268722467,0.935030628339,22,750,460
201,4,200,Alien-v0,0.0,140.0,94.7826086957,0.676013013901,6,751,464
202,4,200,Alien-v0,0.0,140.0,121.336206897,0.814879974979,6,750,468
203,4,200,Boxing-v0,-19.0,2.0,-0.508547008547,0.952484317564,22,751,467
204,4,200,Bowling-v0,0.0,0.0,0.0,0.0,4,750,464
205,4,200,Frostbite-v0,0.0,70.0,5.04310344828,0.122370787395,11,751,465
206,4,200,ChopperCommand-v0,0.0,600.0,155.268817204,0.516978627373,139,751,466
207,4,200,DoubleDunk-v0,-4.0,2.0,-0.0901287553648,0.971970539925,7,751,466
208,4,200,Asteroids-v0,0.0,480.0,60.7510729614,0.270414414772,37,750,468
209,4,200,Atlantis-v0,0.0,400.0,2.13675213675,0.00712250712251,10,751,469
210,4,200,Centipede-v0,0.0,2235.0,221.070362473,0.222088476395,10,750,460
211,5,200,Centipede-v0,0.0,2235.0,307.484782609,0.304571845049,10,750,465
212,5,200,Bowling-v0,0.0,0.0,0.0,0.0,4,751,469
213,5,200,Alien-v0,0.0,140.0,95.8848614072,0.680368807082,6,751,480
214,5,200,Boxing-v0,-19.0,2.0,-0.633333333333,0.950214159738,22,750,482
215,5,200,ChopperCommand-v0,0.0,600.0,164.315352697,0.555094513601,139,750,476
216,5,200,Freeway-v0,0.0,3.0,0.0819327731092,0.0400456478888,7,751,473
217,5,200,BankHeist-v0,0.0,10.0,0.0211416490486,0.00187925769321,6,751,471
218,5,200,DoubleDunk-v0,-2.0,2.0,-0.0467091295117,0.866713847606,7,751,475
219,5,200,Asteroids-v0,0.0,480.0,57.2421052632,0.253718323587,37,750,462
220,5,200,Bowling-v0,0.0,0.0,0.0,0.0,4,750,465
221,5,200,Alien-v0,0.0,140.0,98.2795698925,0.682632336089,10,751,471
222,5,200,Centipede-v0,0.0,2235.0,281.050955414,0.274215802961,10,750,464
223,5,200,BankHeist-v0,0.0,10.0,0.0646551724138,0.00574712643678,6,751,458
224,5,200,DoubleDunk-v0,-2.0,2.0,-0.0174672489083,0.877244056283,7,751,455
225,5,200,ChopperCommand-v0,0.0,600.0,125.934065934,0.430443630444,139,751,460
226,5,200,Freeway-v0,0.0,2.0,0.054347826087,0.0251207729469,12,750,452
227,5,200,Asteroids-v0,0.0,480.0,62.1238938053,0.267098219163,37,751,454
228,5,200,Boxing-v0,-19.0,2.0,-0.618942731278,0.947008922675,130,750,443
229,5,200,DoubleDunk-v0,-2.0,2.0,-0.0225733634312,0.876849761726,7,751,460
230,5,200,ChopperCommand-v0,0.0,600.0,156.739130435,0.533548040794,139,750,455
231,5,200,Bowling-v0,0.0,0.0,0.0,0.0,4,750,450
232,5,200,BankHeist-v0,0.0,10.0,0.0222222222222,0.00197530864198,6,751,451
233,5,200,Asteroids-v0,0.0,480.0,62.9046563193,0.27767341436,37,750,454
234,5,200,Alien-v0,0.0,140.0,107.488986784,0.765061384319,6,750,458
235,5,200,Boxing-v0,-19.0,2.0,-0.327510917031,0.948257290948,13,751,461
236,5,200,Freeway-v0,0.0,3.0,0.0715835140998,0.0340644331968,7,750,451
237,5,200,Centipede-v0,0.0,2235.0,270.210643016,0.268596881147,10,751,471
238,5,200,Bowling-v0,0.0,0.0,0.0,0.0,4,751,451
239,5,200,Alien-v0,0.0,140.0,110.842572062,0.760577401692,6,751,458
240,5,200,Freeway-v0,0.0,3.0,0.0327510917031,0.0148795083293,7,750,467
241,5,200,BankHeist-v0,0.0,10.0,0.0214132762313,0.00190340233167,6,751,476
242,5,200,Asteroids-v0,0.0,480.0,55.2941176471,0.24827523602,37,750,465
243,5,200,DoubleDunk-v0,-2.0,2.0,-0.0387096774194,0.869772998805,7,751,461
244,5,200,Boxing-v0,-19.0,2.0,-0.347071583514,0.951141411011,22,750,465
245,5,200,ChopperCommand-v0,0.0,600.0,141.935483871,0.492977565379,139,751,475
246,5,200,Centipede-v0,0.0,2022.0,297.726315789,0.311565647196,10,750,474
247,5,200,Bowling-v0,0.0,0.0,0.0,0.0,4,751,469
248,5,200,Freeway-v0,0.0,2.0,0.0554371002132,0.0246387112059,7,751,482
249,5,200,ChopperCommand-v0,0.0,400.0,160.995850622,0.699861687414,202,751,480
250,5,200,Alien-v0,0.0,140.0,112.8125,0.794746787604,6,750,471
251,5,200,Boxing-v0,-19.0,2.0,-0.443736730361,0.952246149698,22,750,466
252,5,200,DoubleDunk-v0,-2.0,2.0,-0.0729613733906,0.850739151168,7,750,465
253,5,200,Centipede-v0,0.0,2240.0,303.156989247,0.287328536074,133,751,472
254,5,200,BankHeist-v0,0.0,10.0,0.0635593220339,0.00564971751412,75,750,460
255,5,200,Asteroids-v0,0.0,480.0,65.5,0.28335513956,37,750,462
256,6,500,Alien-v0,0.0,140.0,111.753246753,0.786956052262,6,751,467
257,6,500,FishingDerby-v0,-24.0,-18.0,-18.8972162741,0.83792000423,4,751,464
258,6,500,Boxing-v0,-38.0,-4.0,-5.58620689655,0.899249625476,25,751,458
259,6,500,ChopperCommand-v0,0.0,500.0,198.908296943,0.723765162542,4,750,466
260,6,500,Frostbite-v0,0.0,180.0,23.7553648069,0.214462753964,206,750,459
261,6,500,Centipede-v0,10.0,3085.0,1034.05228758,0.603770234311,52,750,458
262,6,500,Asteroids-v0,20.0,780.0,150.349344978,0.365645593337,93,750,454
263,6,500,DoubleDunk-v0,-2.0,2.0,-0.0748898678414,0.851688693098,51,750,453
264,6,500,Atlantis-v0,1500.0,2200.0,1507.06401766,0.0107321810255,24,750,448
265,6,500,Asteroids-v0,0.0,610.0,152.767857143,0.496043476963,174,751,451
266,6,500,Centipede-v0,10.0,3499.0,916.110864745,0.493431166737,9,750,461
267,6,500,FishingDerby-v0,-24.0,-18.0,-18.9414316703,0.833186042152,10,751,453
268,6,500,Frostbite-v0,0.0,120.0,19.0507726269,0.239473469054,221,751,462
269,6,500,Boxing-v0,-38.0,-2.0,-7.47619047619,0.914566000986,166,750,456
270,6,500,ChopperCommand-v0,0.0,800.0,163.596491228,0.421539961014,24,750,451
271,6,500,Alien-v0,0.0,140.0,106.45232816,0.718463882227,6,751,457
272,6,500,Atlantis-v0,1500.0,2200.0,1504.595186,0.00583515681984,167,750,459
273,6,500,DoubleDunk-v0,-2.0,2.0,-0.0392156862745,0.867586540789,207,751,447
274,6,500,Alien-v0,0.0,140.0,113.713646532,0.745793321057,6,750,458
275,6,500,DoubleDunk-v0,-4.0,2.0,-0.0829694323144,0.972774812658,95,751,461
276,6,500,FishingDerby-v0,-24.0,-10.0,-18.7917570499,0.715392447652,172,750,460
277,6,500,Boxing-v0,-38.0,0.0,-5.75869565217,0.959460435987,19,750,451
278,6,500,Asteroids-v0,0.0,660.0,183.835920177,0.527991736216,177,750,460
279,6,500,ChopperCommand-v0,0.0,500.0,186.739130435,0.664038647343,10,751,458
280,6,500,Frostbite-v0,0.0,160.0,10.480349345,0.115053372149,28,751,467
281,6,500,Atlantis-v0,1500.0,4900.0,1538.75802998,0.0151086676431,19,750,459
282,6,500,Centipede-v0,0.0,3221.0,838.091503268,0.487357486615,6,751,465
283,6,500,Frostbite-v0,0.0,180.0,12.3225806452,0.120217708748,9,750,452
284,6,500,ChopperCommand-v0,0.0,500.0,174.115044248,0.603107177974,58,751,457
285,6,500,Atlantis-v0,1500.0,4700.0,1529.75929978,0.0173839046924,318,751,451
286,6,500,FishingDerby-v0,-24.0,-12.0,-18.8137472284,0.787632421779,73,751,456
287,6,500,DoubleDunk-v0,-6.0,2.0,-0.122807017544,0.989766081871,159,750,459
288,6,500,Alien-v0,0.0,140.0,100.239651416,0.699815728761,6,751,459
289,6,500,Boxing-v0,-38.0,-1.0,-6.22004357298,0.920157040984,4,750,463
290,6,500,Centipede-v0,0.0,4321.0,977.347732181,0.459428638963,173,751,453
291,6,500,Asteroids-v0,0.0,680.0,189.867549669,0.538469242175,82,750,465
292,6,500,DoubleDunk-v0,-10.0,0.0,-0.32688172043,0.892253285544,4,750,474
293,6,500,Alien-v0,0.0,140.0,107.23628692,0.734119808261,4,751,466
294,6,500,Centipede-v0,10.0,2880.0,807.746781116,0.499609910954,77,750,464
295,6,500,Atlantis-v0,1500.0,3300.0,1518.75,0.0170285227756,180,751,461
296,6,500,Frostbite-v0,0.0,160.0,15.5097613883,0.160595926729,82,750,465
297,6,500,ChopperCommand-v0,0.0,800.0,163.225806452,0.421206690562,31,751,469
298,6,500,FishingDerby-v0,-24.0,-18.0,-18.8848614072,0.831609150017,4,751,468
299,6,500,Boxing-v0,-38.0,0.0,-6.23931623932,0.955875969726,28,751,479
300,6,500,Asteroids-v0,0.0,830.0,148.768267223,0.386866950324,208,751,463
301,7,500,Hero-v0,0.0,2770.0,29.9136069114,0.00959923206144,147,750,462
302,7,500,Centipede-v0,0.0,3272.0,1041.03030303,0.57729347432,208,750,468
303,7,500,FishingDerby-v0,-24.0,-18.0,-18.891025641,0.830853645668,4,750,465
304,7,500,Alien-v0,0.0,140.0,104.989247312,0.695779387024,4,751,474
305,7,500,Boxing-v0,-38.0,0.0,-5.83333333333,0.93693483097,97,750,474
306,7,500,ChopperCommand-v0,0.0,800.0,190.29535865,0.502109704641,31,750,476
307,7,500,BankHeist-v0,0.0,10.0,0.0210084033613,0.00186741363212,176,751,480
308,7,500,DoubleDunk-v0,-4.0,0.0,-0.116666666667,0.87962962963,4,750,458
309,7,500,Freeway-v0,0.0,5.0,0.0764192139738,0.0135856380398,7,751,460
310,7,500,Boxing-v0,-28.0,-1.0,-5.5847826087,0.947779699542,157,751,473
311,7,500,BankHeist-v0,0.0,30.0,0.253699788584,0.0125283846214,162,751,465
312,7,500,FishingDerby-v0,-24.0,-14.0,-18.8494623656,0.85256869773,180,751,456
313,7,500,ChopperCommand-v0,0.0,800.0,195.175438596,0.512548732943,31,750,455
314,7,500,Alien-v0,0.0,140.0,118.395604396,0.785666940769,4,750,459
315,7,500,DoubleDunk-v0,-2.0,0.0,-0.0653594771242,0.859840232389,4,750,466
316,7,500,Freeway-v0,0.0,5.0,0.128755364807,0.0228898426323,7,750,465
317,7,500,Centipede-v0,1.0,3272.0,899.303225806,0.511391702663,208,750,466
318,7,500,Hero-v0,0.0,2770.0,17.8326180258,0.00572246065808,147,751,470
319,7,500,Freeway-v0,0.0,5.0,0.0851063829787,0.0151300236407,7,750,467
320,7,500,Hero-v0,0.0,2770.0,17.7944325482,0.005710206995,147,751,470
321,7,500,FishingDerby-v0,-24.0,-11.0,-18.8361702128,0.745881069285,80,751,466
322,7,500,Boxing-v0,-38.0,0.0,-5.55364806867,0.955001010545,81,750,478
323,7,500,Centipede-v0,60.0,3406.0,1035.36820084,0.539355877243,135,750,472
324,7,500,BankHeist-v0,0.0,10.0,0.021186440678,0.00188323917137,23,751,485
325,7,500,ChopperCommand-v0,0.0,800.0,183.505154639,0.483963344788,31,750,476
326,7,500,DoubleDunk-v0,-8.0,0.0,-0.18487394958,0.886554621849,28,750,474
327,7,500,Alien-v0,0.0,140.0,117.827004219,0.782724341495,6,750,461
328,7,500,Centipede-v0,1.0,3710.0,1163.73969631,0.594305934119,10,750,462
329,7,500,Boxing-v0,-38.0,-2.0,-5.19047619048,0.931228807772,81,750,478
330,7,500,FishingDerby-v0,-24.0,-11.0,-18.7259414226,0.760796547086,80,751,469
331,7,500,ChopperCommand-v0,0.0,500.0,182.515991471,0.656223643686,52,750,460
332,7,500,Hero-v0,0.0,2770.0,24.25,0.0078835965944,147,751,459
333,7,500,DoubleDunk-v0,-6.0,0.0,-0.130718954248,0.890179940289,4,751,458
334,7,500,Freeway-v0,0.0,5.0,0.0436681222707,0.00776322173702,7,751,461
335,7,500,Alien-v0,0.0,140.0,110.780911063,0.736877831393,6,750,465
336,7,500,BankHeist-v0,0.0,0.0,0.0,0.0,6,751,471
337,7,500,Boxing-v0,-38.0,0.0,-4.95753715499,0.955919802859,26,750,474
338,7,500,ChopperCommand-v0,0.0,800.0,194.514767932,0.520159399906,99,751,477
339,7,500,Alien-v0,0.0,140.0,113.144654088,0.755249409337,6,751,460
340,7,500,Centipede-v0,55.0,3406.0,1138.03043478,0.586191036903,135,751,464
341,7,500,Freeway-v0,0.0,5.0,0.118534482759,0.0210727969349,7,751,469
342,7,500,FishingDerby-v0,-24.0,-6.0,-18.8059701493,0.602373201599,26,751,454
343,7,500,DoubleDunk-v0,-2.0,0.0,-0.079295154185,0.85364659814,4,751,462
344,7,500,BankHeist-v0,0.0,20.0,0.108225108225,0.00769600769601,54,750,463
345,7,500,Hero-v0,0.0,2770.0,29.9136069114,0.00959923206144,147,750,448
346,8,500,Atlantis-v0,0.0,5300.0,1555.58035714,0.623037769754,202,751,459
347,8,500,FishingDerby-v0,-24.0,-6.0,-18.7864923747,0.605240114641,26,750,461
348,8,500,Alien-v0,0.0,220.0,108.568329718,0.775604596547,54,750,453
349,8,500,Centipede-v0,0.0,3406.0,787.770419426,0.435754862376,135,750,456
350,8,500,Frostbite-v0,0.0,180.0,16.7324561404,0.165740139099,7,751,461
351,8,500,Boxing-v0,-38.0,0.0,-6.83947939262,0.956855738692,39,751,461
352,8,500,ChopperCommand-v0,0.0,800.0,187.418655098,0.493853940709,31,751,463
353,8,500,DoubleDunk-v0,-8.0,0.0,-0.0993520518359,0.888168946484,4,750,471
354,8,500,Gravitar-v0,0.0,0.0,0.0,0.0,4,751,467
355,8,500,Boxing-v0,-38.0,0.0,-5.09421841542,0.956399036963,39,750,463
356,8,500,Centipede-v0,1.0,4118.0,978.822894168,0.467062762411,88,751,462
357,8,500,Frostbite-v0,0.0,170.0,23.9826839827,0.238709387498,7,750,454
358,8,500,Atlantis-v0,200.0,3300.0,1533.25991189,0.810045010424,203,751,462
359,8,500,ChopperCommand-v0,0.0,800.0,178.787878788,0.469456469456,31,751,451
360,8,500,Gravitar-v0,0.0,0.0,0.0,0.0,4,750,449
361,8,500,DoubleDunk-v0,-2.0,0.0,-0.11135857461,0.839396189062,4,751,450
362,8,500,FishingDerby-v0,-24.0,-6.0,-18.8511111111,0.597591830514,39,750,462
363,8,500,Alien-v0,0.0,220.0,109.523809524,0.776581239391,54,751,456
364,8,500,FishingDerby-v0,-24.0,-6.0,-18.6140350877,0.624022332924,39,750,466
365,8,500,Gravitar-v0,0.0,250.0,1.07296137339,0.00381497377206,9,751,453
366,8,500,Centipede-v0,0.0,4118.0,1052.78587196,0.506110118791,88,751,447
367,8,500,Alien-v0,0.0,140.0,111.208053691,0.740111704637,54,750,442
368,8,500,DoubleDunk-v0,-6.0,2.0,-0.14479638009,0.986928104575,98,750,451
369,8,500,Atlantis-v0,200.0,5300.0,1530.15521064,0.570907829242,244,750,448
370,8,500,Boxing-v0,-35.0,0.0,-5.27901785714,0.960461613217,6,751,447
371,8,500,Frostbite-v0,0.0,120.0,11.3646532438,0.137045322728,7,751,456
372,8,500,ChopperCommand-v0,0.0,800.0,166.447368421,0.441825048733,31,751,456
373,8,500,FishingDerby-v0,-24.0,-6.0,-18.8179824561,0.602242918682,39,751,444
374,8,500,Centipede-v0,57.0,4118.0,974.452702703,0.456399945559,11,750,436
375,8,500,Alien-v0,0.0,140.0,112.408256881,0.732863175851,4,751,445
376,8,500,Atlantis-v0,200.0,5300.0,1559.7752809,0.5786761166,202,751,438
377,8,500,Boxing-v0,-38.0,0.0,-5.41324200913,0.954195952109,6,751,442
378,8,500,Frostbite-v0,0.0,180.0,14.3665158371,0.14817297606,7,750,443
379,8,500,DoubleDunk-v0,-2.0,2.0,-0.0722347629797,0.854778028593,98,750,444
380,8,500,Gravitar-v0,0.0,0.0,0.0,0.0,4,750,458
381,8,500,ChopperCommand-v0,0.0,800.0,182.532751092,0.478529839884,31,750,449
382,8,500,Boxing-v0,-35.0,0.0,-5.76614699332,0.960302208485,6,750,456
383,8,500,ChopperCommand-v0,0.0,800.0,212.719298246,0.555921052632,31,750,446
384,8,500,Atlantis-v0,200.0,5300.0,1551.56950673,0.575302856764,202,750,442
385,8,500,Gravitar-v0,0.0,250.0,0.565610859729,0.00201106083459,95,751,442
386,8,500,Centipede-v0,60.0,3221.0,836.328054299,0.454659067074,11,751,440
387,8,500,DoubleDunk-v0,-2.0,2.0,-0.0272727272727,0.874747474747,98,751,457
388,8,500,Frostbite-v0,0.0,180.0,24.8796498906,0.256890978019,7,751,457
389,8,500,Alien-v0,0.0,220.0,96.0175054705,0.692470758912,54,751,450
390,8,500,FishingDerby-v0,-24.0,-6.0,-18.6755555556,0.619271452522,6,750,447
391,9,500,BattleZone-v0,0.0,5000.0,266.219239374,0.071190653741,14,750,451
392,9,500,Atlantis-v0,1500.0,5300.0,1540.57649667,0.0183225403143,202,750,455
393,9,500,DoubleDunk-v0,-2.0,0.0,-0.0615384615385,0.861538461538,4,750,466
394,9,500,Bowling-v0,0.0,3.0,0.0128755364807,0.00381497377206,59,750,454
395,9,500,FishingDerby-v0,-24.0,-6.0,-18.7004405286,0.616643401437,6,750,451
396,9,500,Boxing-v0,-38.0,-1.0,-7.07982261641,0.925177589647,11,750,452
397,9,500,ChopperCommand-v0,0.0,800.0,176.10619469,0.473697148476,157,751,457
398,9,500,BankHeist-v0,0.0,20.0,0.19693654267,0.013615365913,54,751,451
399,9,500,Alien-v0,0.0,220.0,118.403547672,0.84044639094,54,750,444
400,9,500,BattleZone-v0,0.0,5000.0,337.837837838,0.0776776776777,11,751,448
401,9,500,Atlantis-v0,500.0,5300.0,1532.36607143,0.485324005181,202,751,456
402,9,500,Alien-v0,0.0,220.0,114.495614035,0.812511075669,54,750,451
403,9,500,FishingDerby-v0,-24.0,-6.0,-18.733924612,0.611450244693,6,750,451
404,9,500,DoubleDunk-v0,-6.0,2.0,-0.133037694013,0.986696230599,98,751,458
405,9,500,Bowling-v0,0.0,3.0,0.0262008733624,0.00776322173702,27,750,457
406,9,500,Boxing-v0,-38.0,0.0,-5.94529540481,0.947903175729,11,750,456
407,9,500,ChopperCommand-v0,0.0,800.0,184.429824561,0.500426413255,31,751,462
408,9,500,BankHeist-v0,0.0,20.0,0.108225108225,0.00769600769601,54,751,464
409,9,500,DoubleDunk-v0,-6.0,2.0,-0.211206896552,0.974856321839,98,751,455
410,9,500,FishingDerby-v0,-24.0,-6.0,-18.7868131868,0.60619545064,6,751,455
411,9,500,BattleZone-v0,0.0,5000.0,331.868131868,0.0746275946276,11,751,464
412,9,500,ChopperCommand-v0,0.0,800.0,192.672413793,0.511135057471,31,751,454
413,9,500,BankHeist-v0,0.0,20.0,0.264317180617,0.0195790504161,54,751,451
414,9,500,Bowling-v0,0.0,3.0,0.0332594235033,0.00985464400099,59,751,458
415,9,500,Alien-v0,0.0,220.0,120.982532751,0.860209879662,54,751,445
416,9,500,Boxing-v0,-38.0,0.0,-4.78426966292,0.961772853186,11,750,441
417,9,500,Atlantis-v0,0.0,4700.0,1504.98866213,0.668659704379,202,751,454
418,9,500,Bowling-v0,0.0,3.0,0.0462555066079,0.0137053352912,222,751,441
419,9,500,BattleZone-v0,0.0,5000.0,142.857142857,0.0379743008314,77,751,454
420,9,500,BankHeist-v0,0.0,20.0,0.198237885463,0.0156632403328,168,750,456
421,9,500,ChopperCommand-v0,0.0,800.0,191.447368421,0.509320175439,31,751,469
422,9,500,Atlantis-v0,1500.0,5300.0,1547.76119403,0.0207273879908,59,750,458
423,9,500,Alien-v0,0.0,140.0,117.576419214,0.773153511769,28,751,458
424,9,500,DoubleDunk-v0,-4.0,2.0,-0.0873362445415,0.972990457707,28,751,452
425,9,500,FishingDerby-v0,-24.0,-6.0,-18.6703539823,0.617526736832,6,751,449
426,9,500,Boxing-v0,-28.0,0.0,-5.28062360802,0.959799807079,11,751,465
427,9,500,DoubleDunk-v0,-4.0,0.0,-0.0860215053763,0.886977299881,28,750,444
428,9,500,FishingDerby-v0,-24.0,-6.0,-18.4774774775,0.636117599081,6,750,469
429,9,500,Alien-v0,0.0,140.0,123.539445629,0.801821794816,28,751,456
430,9,500,Boxing-v0,-38.0,0.0,-4.85526315789,0.957185206784,11,751,452
431,9,500,ChopperCommand-v0,0.0,800.0,196.238938053,0.526364306785,31,751,457
432,9,500,BattleZone-v0,0.0,5000.0,190.371991247,0.0410017019207,146,750,453
433,9,500,Atlantis-v0,1500.0,5300.0,1519.42604857,0.0065606873774,202,750,453
434,9,500,Bowling-v0,0.0,3.0,0.0132450331126,0.00392445425558,59,750,457
435,9,500,BankHeist-v0,0.0,20.0,0.0656455142232,0.00389010454656,54,750,454
436,10,500,Centipede-v0,0.0,4118.0,918.823788546,0.442594461811,88,751,461
437,10,500,ChopperCommand-v0,0.0,800.0,182.429501085,0.491503976862,31,751,462
438,10,500,Freeway-v0,0.0,5.0,0.0541125541126,0.00962000962001,7,751,468
439,10,500,Asteroids-v0,0.0,830.0,157.863247863,0.402360204557,291,750,460
440,10,500,Alien-v0,0.0,140.0,120.282608696,0.794715567386,28,751,466
441,10,500,Boxing-v0,-38.0,0.0,-4.95708154506,0.959027340205,6,751,473
442,10,500,Atlantis-v0,400.0,5300.0,1511.205074,0.510560111347,202,750,448
443,10,500,DoubleDunk-v0,-8.0,2.0,-0.102678571429,0.990238095238,98,750,454
444,10,500,FishingDerby-v0,-24.0,-12.0,-18.6894273128,0.800538423886,6,750,463
445,10,500,Atlantis-v0,1500.0,2600.0,1510.1511879,0.0135341238817,202,750,454
446,10,500,DoubleDunk-v0,-2.0,2.0,-0.0616740088106,0.859520313265,98,751,469
447,10,500,FishingDerby-v0,-24.0,-12.0,-18.6162046908,0.811734975914,6,751,469
448,10,500,Asteroids-v0,0.0,580.0,162.750533049,0.530576267634,291,751,465
449,10,500,Centipede-v0,50.0,4118.0,947.434408602,0.442302385037,88,750,465
450,10,500,Boxing-v0,-35.0,0.0,-5.57204301075,0.952342720601,6,751,467
451,10,500,Alien-v0,0.0,140.0,121.156316916,0.790883091281,54,750,465
452,10,500,Freeway-v0,0.0,5.0,0.0430107526882,0.00764635603345,7,750,468
453,10,500,ChopperCommand-v0,0.0,800.0,186.538461538,0.501602564103,31,751,466
454,10,500,Atlantis-v0,1500.0,4700.0,1527.89699571,0.0131884835479,202,751,456
455,10,500,ChopperCommand-v0,0.0,800.0,194.736842105,0.518153021442,31,751,462
456,10,500,Centipede-v0,56.0,4118.0,1053.22077922,0.488127129866,85,751,461
457,10,500,Asteroids-v0,0.0,830.0,175.835140998,0.447589170156,291,751,448
458,10,500,FishingDerby-v0,-24.0,-6.0,-18.7767857143,0.605844601215,6,751,449
459,10,500,Boxing-v0,-38.0,0.0,-5.93763919822,0.955337979615,6,750,456
460,10,500,DoubleDunk-v0,-6.0,0.0,-0.0877192982456,0.886289798571,6,750,444
461,10,500,Freeway-v0,0.0,5.0,0.112612612613,0.02002002002,7,750,445
462,10,500,Alien-v0,0.0,220.0,114.269662921,0.809434487882,54,751,452
463,10,500,Atlantis-v0,1500.0,5300.0,1530.75221239,0.0134881529238,202,750,462
464,10,500,Freeway-v0,0.0,5.0,0.0649350649351,0.011544011544,7,750,458
465,10,500,Boxing-v0,-38.0,-4.0,-6.13755458515,0.888976191555,6,750,450
466,10,500,Centipede-v0,0.0,3609.0,1091.90666667,0.576343656555,85,750,454
467,10,500,Alien-v0,0.0,220.0,122.599118943,0.862335813077,54,751,450
468,10,500,FishingDerby-v0,-24.0,-6.0,-18.7866666667,0.607175735406,28,751,449
469,10,500,ChopperCommand-v0,0.0,800.0,152.338530067,0.399529819352,31,750,446
470,10,500,DoubleDunk-v0,-4.0,2.0,-0.125560538117,0.96550960527,6,751,454
471,10,500,Asteroids-v0,0.0,830.0,150.814977974,0.39883881367,291,751,447
472,10,500,Alien-v0,0.0,220.0,106.599552573,0.756838262634,54,750,442
473,10,500,Freeway-v0,0.0,5.0,0.0452488687783,0.00804424333836,7,751,442
474,10,500,ChopperCommand-v0,0.0,800.0,196.380090498,0.518853695324,31,751,450
475,10,500,Asteroids-v0,0.0,830.0,171.177777778,0.440371678593,291,751,448
476,10,500,FishingDerby-v0,-24.0,-6.0,-18.6629464286,0.61865569273,11,751,448
477,10,500,Centipede-v0,0.0,4118.0,1103.86160714,0.528429279171,88,751,451
478,10,500,Boxing-v0,-28.0,1.0,-6.06873614191,0.949502566045,11,751,455
479,10,500,Atlantis-v0,0.0,4900.0,1509.67032967,0.650347662426,220,750,450
480,10,500,DoubleDunk-v0,-2.0,2.0,-0.0488888888889,0.865185185185,98,751,454
481,11,1000,Alien-v0,0.0,140.0,104.537444934,0.689462275365,11,750,462
482,11,1000,BattleZone-v0,0.0,14000.0,1077.92207792,0.140059486998,147,750,461
483,11,1000,Frostbite-v0,0.0,160.0,17.6789587852,0.137397565678,7,751,463
484,11,1000,Boxing-v0,-70.0,-6.0,-25.7688984881,0.95539825564,146,750,456
485,11,1000,ChopperCommand-v0,0.0,1000.0,245.614035088,0.474307992203,21,751,463
486,11,1000,Centipede-v0,60.0,6888.0,2534.91360691,0.640685106231,47,751,456
487,11,1000,Bowling-v0,0.0,9.0,0.118421052632,0.0116959064327,59,751,443
488,11,1000,DoubleDunk-v0,-2.0,2.0,-0.0406320541761,0.86882367695,98,750,453
489,11,1000,FishingDerby-v0,-46.0,-41.0,-45.9205298013,0.0244885945548,146,751,445
490,11,1000,Bowling-v0,0.0,9.0,0.242696629213,0.0239700374532,59,750,446
491,11,1000,Frostbite-v0,0.0,160.0,21.7713004484,0.147935351271,3,751,446
492,11,1000,Alien-v0,0.0,140.0,84.3049327354,0.598558107847,147,750,440
493,11,1000,DoubleDunk-v0,-4.0,2.0,-0.15,0.963636363636,239,750,450
494,11,1000,Boxing-v0,-69.0,-6.0,-25.7466666667,0.959083265679,146,751,460
495,11,1000,FishingDerby-v0,-46.0,-30.0,-45.7782608696,0.0226449275362,44,751,442
496,11,1000,ChopperCommand-v0,0.0,1100.0,213.34841629,0.404356190452,48,751,449
497,11,1000,Centipede-v0,60.0,6783.0,2046.42761693,0.530901758405,4,751,440
498,11,1000,BattleZone-v0,0.0,14000.0,1054.54545455,0.14025974026,103,750,438
499,11,1000,Frostbite-v0,0.0,160.0,14.8401826484,0.111681887367,7,750,447
500,11,1000,DoubleDunk-v0,-16.0,0.0,-0.143176733781,0.889386030326,18,751,455
501,11,1000,ChopperCommand-v0,0.0,900.0,241.538461538,0.512157252898,202,750,457
502,11,1000,BattleZone-v0,0.0,14000.0,1137.85557987,0.162352322402,211,750,443
503,11,1000,Boxing-v0,-71.0,-3.0,-21.927765237,0.960208046393,43,751,451
504,11,1000,Alien-v0,0.0,140.0,68.3813747228,0.61975655007,147,750,455
505,11,1000,Bowling-v0,0.0,9.0,0.138461538462,0.0136752136752,59,751,453
506,11,1000,FishingDerby-v0,-46.0,-40.0,-45.8233995585,0.0436050472842,5,750,454
507,11,1000,Centipede-v0,65.0,6852.0,1996.72907489,0.520881722136,277,751,447
508,11,1000,Alien-v0,0.0,160.0,87.4944071588,0.724972035794,10,751,452
509,11,1000,ChopperCommand-v0,0.0,1100.0,222.566371681,0.41492966674,163,750,456
510,11,1000,BattleZone-v0,0.0,14000.0,1486.84210526,0.204360106616,19,750,453
511,11,1000,Centipede-v0,55.0,8061.0,2450.66887417,0.557912453868,88,751,459
512,11,1000,Boxing-v0,-68.0,-6.0,-21.4531590414,0.967216480251,9,751,447
513,11,1000,Frostbite-v0,0.0,160.0,10.8501118568,0.0896563509819,11,750,442
514,11,1000,Bowling-v0,0.0,9.0,0.0407239819005,0.00402212166918,59,750,451
515,11,1000,FishingDerby-v0,-46.0,-40.0,-45.8957871397,0.0243081218691,19,751,444
516,11,1000,DoubleDunk-v0,-22.0,0.0,-0.612612612613,0.891734709917,19,750,444
517,11,1000,Bowling-v0,0.0,9.0,0.162162162162,0.016016016016,59,751,447
518,11,1000,DoubleDunk-v0,-20.0,0.0,-0.228187919463,0.888968431519,19,750,445
519,11,1000,Alien-v0,0.0,140.0,75.8876404494,0.672547071263,19,750,447
520,11,1000,Frostbite-v0,0.0,160.0,18.0089485459,0.15555866269,7,750,444
521,11,1000,FishingDerby-v0,-46.0,-40.0,-45.9121621622,0.0226893560227,254,751,432
522,11,1000,ChopperCommand-v0,0.0,700.0,268.287037037,0.569622910893,11,750,441
523,11,1000,Boxing-v0,-73.0,-3.0,-17.7528344671,0.961867534618,17,751,443
524,11,1000,Centipede-v0,55.0,5972.0,2021.75620767,0.563167185369,88,751,453
525,11,1000,BattleZone-v0,0.0,14000.0,1620.30905077,0.23434598269,30,751,450
526,12,1000,Alien-v0,0.0,140.0,90.3555555556,0.771982867221,19,751,451
527,12,1000,Gravitar-v0,0.0,0.0,0.0,0.0,7,751,448
528,12,1000,BattleZone-v0,0.0,14000.0,2125.0,0.309240362812,19,751,445
529,12,1000,Centipede-v0,120.0,8061.0,2712.0247191,0.605799633443,88,750,442
530,12,1000,DoubleDunk-v0,-14.0,0.0,-0.203619909502,0.886631575707,19,750,446
531,12,1000,Asteroids-v0,40.0,980.0,202.062780269,0.369464682574,87,750,436
532,12,1000,Freeway-v0,0.0,9.0,0.288990825688,0.0285423037717,7,750,435
533,12,1000,Boxing-v0,-70.0,0.0,-19.2735632184,0.953792999192,194,750,434
534,12,1000,ChopperCommand-v0,0.0,1100.0,395.852534562,0.648191170185,10,750,441
535,12,1000,Freeway-v0,0.0,9.0,0.734693877551,0.0725623582766,7,750,439
536,12,1000,Boxing-v0,-70.0,0.0,-14.2186788155,0.967504170993,19,751,427
537,12,1000,Asteroids-v0,20.0,830.0,246.44028103,0.529396714664,50,750,430
538,12,1000,Gravitar-v0,0.0,250.0,0.581395348837,0.00206718346253,407,750,431
539,12,1000,ChopperCommand-v0,0.0,1100.0,460.788863109,0.717608483059,10,750,434
540,12,1000,Centipede-v0,60.0,6533.0,2155.07834101,0.580564170942,5,750,432
541,12,1000,DoubleDunk-v0,-6.0,0.0,-0.111111111111,0.888888888889,19,751,434
542,12,1000,Alien-v0,0.0,140.0,84.6543778802,0.754213820705,19,750,433
543,12,1000,BattleZone-v0,0.0,14000.0,2170.90069284,0.318528643174,5,750,429
544,12,1000,Centipede-v0,60.0,8026.0,2921.26107226,0.661790481247,360,750,419
545,12,1000,Alien-v0,0.0,140.0,93.3174224344,0.797406631706,19,750,422
546,12,1000,ChopperCommand-v0,0.0,1100.0,202.843601896,0.335209048695,10,750,415
547,12,1000,Gravitar-v0,0.0,0.0,0.0,0.0,19,750,405
548,12,1000,Asteroids-v0,0.0,780.0,228.666666667,0.565474486589,23,750,406
549,12,1000,BattleZone-v0,0.0,14000.0,1635.4679803,0.22452330686,5,751,408
550,12,1000,Boxing-v0,-71.0,-4.0,-15.7965686275,0.939728729293,5,750,412
551,12,1000,Freeway-v0,0.0,9.0,0.152912621359,0.0151024811219,107,751,418
552,12,1000,DoubleDunk-v0,-6.0,0.0,-0.11004784689,0.891487979207,19,751,414
553,12,1000,Alien-v0,0.0,140.0,91.3768115942,0.856726587575,19,751,414
554,12,1000,Boxing-v0,-70.0,0.0,-15.4637681159,0.937251525409,19,750,417
555,12,1000,ChopperCommand-v0,0.0,1100.0,560.191846523,0.817910960488,10,750,424
556,12,1000,Asteroids-v0,40.0,930.0,234.056603774,0.432443333897,364,751,418
557,12,1000,Freeway-v0,0.0,9.0,0.150717703349,0.0148856990962,5,751,424
558,12,1000,Gravitar-v0,0.0,250.0,0.825471698113,0.00394129979036,323,751,417
559,12,1000,DoubleDunk-v0,-12.0,2.0,-0.134292565947,0.977503711317,486,750,409
560,12,1000,Centipede-v0,80.0,8061.0,2518.1002445,0.578408666047,328,750,414
561,12,1000,BattleZone-v0,0.0,14000.0,2120.77294686,0.299582634986,65,750,426
562,12,1000,BattleZone-v0,0.0,12000.0,2953.05164319,0.451399756564,65,751,416
563,12,1000,Gravitar-v0,0.0,0.0,0.0,0.0,7,751,423
564,12,1000,DoubleDunk-v0,-12.0,2.0,-0.137115839243,0.977233131235,486,751,428
565,12,1000,ChopperCommand-v0,0.0,1300.0,509.813084112,0.697254020043,10,751,427
566,12,1000,Boxing-v0,-71.0,0.0,-11.4402810304,0.953835586959,19,751,429
567,12,1000,Alien-v0,0.0,140.0,93.682983683,0.911680911681,19,751,439
568,12,1000,Asteroids-v0,0.0,880.0,236.378132118,0.533191199634,83,751,437
569,12,1000,Freeway-v0,0.0,9.0,0.185354691076,0.0183066361556,7,750,437
570,12,1000,Centipede-v0,60.0,8061.0,2171.70709382,0.514713747795,88,751,428
571,13,1000,BankHeist-v0,0.0,20.0,0.420560747664,0.0353063343718,478,750,431
572,13,1000,Bowling-v0,0.0,9.0,0.0417633410673,0.0041247744264,59,751,427
573,13,1000,Asteroids-v0,0.0,880.0,248.805620609,0.55523190173,254,751,425
574,13,1000,Boxing-v0,-71.0,0.0,-18.8917647059,0.941156555461,19,751,425
575,13,1000,ChopperCommand-v0,0.0,1300.0,502.588235294,0.696755230692,10,750,436
576,13,1000,Alien-v0,0.0,140.0,89.2889908257,0.870207410181,19,751,422
577,13,1000,DoubleDunk-v0,-6.0,2.0,-0.118483412322,0.99131121643,486,750,438
578,13,1000,Centipede-v0,100.0,8061.0,2225.39269406,0.525360036708,88,751,438
579,13,1000,Frostbite-v0,0.0,250.0,27.5114155251,0.175592491121,22,750,429
580,13,1000,DoubleDunk-v0,-12.0,0.0,-0.121212121212,0.890730668508,19,751,429
581,13,1000,Asteroids-v0,20.0,1180.0,316.130536131,0.511089122266,448,750,427
582,13,1000,Centipede-v0,105.0,5704.0,2388.56674473,0.673816276589,104,751,435
583,13,1000,Alien-v0,0.0,140.0,73.8850574713,0.668574556259,19,750,433
584,13,1000,Frostbite-v0,0.0,230.0,53.9260969977,0.365467498871,96,751,429
585,13,1000,Boxing-v0,-59.0,0.0,-15.6130536131,0.946896613659,19,750,427
586,13,1000,BankHeist-v0,0.0,10.0,0.0468384074941,0.00416341399948,8,751,436
587,13,1000,Bowling-v0,0.0,9.0,0.0825688073394,0.00815494393476,59,751,432
588,13,1000,ChopperCommand-v0,0.0,1300.0,315.972222222,0.441924172693,10,750,432
589,13,1000,Alien-v0,0.0,160.0,71.7592592593,0.687757201646,10,751,439
590,13,1000,Boxing-v0,-71.0,0.0,-14.3280182232,0.943916478147,19,751,440
591,13,1000,DoubleDunk-v0,-6.0,2.0,-0.122727272727,0.990656565657,486,751,436
592,13,1000,Centipede-v0,55.0,5710.0,2233.03669725,0.648905098482,88,751,445
593,13,1000,Bowling-v0,0.0,9.0,0.101123595506,0.00998751560549,59,751,433
594,13,1000,ChopperCommand-v0,0.0,1500.0,517.782909931,0.661459242152,19,751,442
595,13,1000,Frostbite-v0,0.0,230.0,19.0497737557,0.153927888833,96,750,438
596,13,1000,Asteroids-v0,20.0,930.0,211.598173516,0.438641426147,522,751,426
597,13,1000,BankHeist-v0,0.0,20.0,0.234741784038,0.0166927490871,88,751,414
598,13,1000,Asteroids-v0,0.0,930.0,270.676328502,0.576179102117,522,751,414
599,13,1000,Frostbite-v0,0.0,230.0,25.0,0.191381869802,96,750,411
600,13,1000,Boxing-v0,-59.0,0.0,-17.3625304136,0.938906056196,19,751,417
601,13,1000,Centipede-v0,55.0,8061.0,2237.09352518,0.525422060967,88,750,415
602,13,1000,ChopperCommand-v0,0.0,1500.0,520.481927711,0.665226833259,19,750,423
603,13,1000,Alien-v0,0.0,160.0,89.6690307329,0.849175860257,10,751,419
604,13,1000,BankHeist-v0,0.0,0.0,0.0,0.0,7,750,416
605,13,1000,Bowling-v0,0.0,9.0,0.0216346153846,0.00213675213675,10,750,431
606,13,1000,DoubleDunk-v0,-6.0,2.0,-0.180974477958,0.982211910286,486,750,431
607,13,1000,Frostbite-v0,0.0,250.0,17.0533642691,0.122380407321,22,751,433
608,13,1000,Boxing-v0,-71.0,0.0,-13.0415704388,0.949207822517,19,751,435
609,13,1000,ChopperCommand-v0,0.0,1500.0,588.965517241,0.737248758337,19,750,436
610,13,1000,Centipede-v0,50.0,8061.0,2273.25458716,0.539037094374,88,751,436
611,13,1000,Alien-v0,0.0,140.0,93.9220183486,0.886558904908,19,750,436
612,13,1000,DoubleDunk-v0,-12.0,2.0,-0.0963302752294,0.977137032183,438,750,434
613,13,1000,Asteroids-v0,20.0,930.0,249.516129032,0.513738597903,522,750,424
614,13,1000,Bowling-v0,0.0,9.0,0.0424528301887,0.0041928721174,4,750,416
615,13,1000,BankHeist-v0,0.0,20.0,0.0961538461538,0.00641025641026,6,751,428
616,14,1000,Centipede-v0,71.0,8061.0,2355.91588785,0.553488334594,88,750,422
617,14,1000,Asteroids-v0,40.0,980.0,293.767772512,0.536695709138,406,751,421
618,14,1000,DoubleDunk-v0,-12.0,2.0,-0.171021377672,0.97511055095,19,750,412
619,14,1000,BattleZone-v0,0.0,14000.0,1631.06796117,0.240054597891,5,750,410
620,14,1000,FishingDerby-v0,-48.0,-6.0,-45.7268292683,0.134181369025,12,751,409
621,14,1000,Boxing-v0,-70.0,0.0,-15.5672371638,0.93533766889,19,751,405
622,14,1000,ChopperCommand-v0,0.0,1500.0,585.185185185,0.729976527968,19,750,405
623,14,1000,Alien-v0,0.0,160.0,92.4691358025,0.883076131687,10,751,408
624,14,1000,Hero-v0,0.0,2920.0,20.4901960784,0.00679350992289,250,751,415
625,14,1000,ChopperCommand-v0,0.0,1000.0,468.43373494,0.730045515395,19,751,417
626,14,1000,Asteroids-v0,20.0,1080.0,290.455635492,0.514453893157,114,751,414
627,14,1000,FishingDerby-v0,-46.0,-6.0,-45.8019323671,0.00840579710145,12,750,414
628,14,1000,Hero-v0,0.0,0.0,0.0,0.0,7,751,419
629,14,1000,DoubleDunk-v0,-12.0,2.0,-0.147971360382,0.977470383539,19,750,415
630,14,1000,Alien-v0,0.0,140.0,88.265060241,0.852345436166,10,751,412
631,14,1000,Centipede-v0,60.0,8061.0,2208.24514563,0.521639365079,88,751,418
632,14,1000,Boxing-v0,-70.0,0.0,-13.2320574163,0.951478262756,19,751,411
633,14,1000,BattleZone-v0,0.0,14000.0,2725.06082725,0.370933125886,5,750,416
634,14,1000,Alien-v0,0.0,160.0,89.7115384615,0.837640224359,10,750,415
635,14,1000,Centipede-v0,90.0,8061.0,2348.09638554,0.558705169472,469,751,415
636,14,1000,DoubleDunk-v0,-2.0,2.0,-0.0240963855422,0.876037483266,486,750,415
637,14,1000,Hero-v0,0.0,0.0,0.0,0.0,7,750,419
638,14,1000,Asteroids-v0,20.0,1080.0,322.911694511,0.55453910457,127,751,419
639,14,1000,BattleZone-v0,0.0,14000.0,2023.86634845,0.288777404359,5,750,420
640,14,1000,Boxing-v0,-71.0,0.0,-12.5404761905,0.964904292736,19,750,418
641,14,1000,ChopperCommand-v0,0.0,900.0,627.990430622,0.921416898025,131,750,410
642,14,1000,FishingDerby-v0,-46.0,-6.0,-45.7634146341,0.0107506775068,12,750,406
643,14,1000,BattleZone-v0,0.0,14000.0,2987.68472906,0.397886576634,5,750,408
644,14,1000,DoubleDunk-v0,-12.0,0.0,-0.156862745098,0.893004115226,486,751,422
645,14,1000,ChopperCommand-v0,0.0,900.0,548.815165877,0.833811167671,131,750,410
646,14,1000,FishingDerby-v0,-46.0,-6.0,-45.6731707317,0.0157398373984,109,751,407
647,14,1000,Alien-v0,0.0,140.0,91.5233415233,0.866424866425,5,751,418
648,14,1000,Asteroids-v0,20.0,1080.0,274.5215311,0.473545104225,492,751,413
649,14,1000,Hero-v0,0.0,0.0,0.0,0.0,19,750,406
650,14,1000,Boxing-v0,-71.0,0.0,-15.381773399,0.93530542708,19,751,407
651,14,1000,Centipede-v0,55.0,5468.0,1909.43488943,0.576722247961,343,751,412
652,14,1000,Boxing-v0,-71.0,0.0,-12.5169902913,0.949062990918,19,751,416
653,14,1000,Asteroids-v0,20.0,1080.0,275.456730769,0.488954915975,10,750,408
654,14,1000,Alien-v0,0.0,160.0,86.6666666667,0.814270152505,19,751,420
655,14,1000,Centipede-v0,60.0,6062.0,2349.23571429,0.665380820454,88,751,418
656,14,1000,DoubleDunk-v0,-12.0,0.0,-0.0861244019139,0.889597731703,486,751,430
657,14,1000,BattleZone-v0,0.0,14000.0,2230.23255814,0.31940093867,5,750,421
658,14,1000,FishingDerby-v0,-46.0,-6.0,-45.7814726841,0.00981261546582,12,750,432
659,14,1000,Hero-v0,0.0,0.0,0.0,0.0,19,751,424
660,14,1000,ChopperCommand-v0,0.0,900.0,563.20754717,0.850997748272,131,751,419
661,15,1000,Frostbite-v0,0.0,250.0,15.799522673,0.0905130734553,22,751,423
662,15,1000,BankHeist-v0,0.0,20.0,0.0709219858156,0.00420278434463,6,750,418
663,15,1000,Alien-v0,0.0,160.0,93.3492822967,0.876893939394,10,750,413
664,15,1000,ChopperCommand-v0,0.0,900.0,565.133171913,0.843106580709,131,751,402
665,15,1000,Boxing-v0,-70.0,0.0,-12.2437810945,0.946545278144,19,750,405
666,15,1000,Asteroids-v0,20.0,1180.0,254.148148148,0.424074481845,608,750,401
667,15,1000,DoubleDunk-v0,-12.0,2.0,-0.164588528678,0.974208469755,486,751,409
668,15,1000,Bowling-v0,0.0,9.0,0.0660146699267,0.00651996740016,59,750,414
669,15,1000,Centipede-v0,47.0,8061.0,2320.29710145,0.556394210188,88,751,415
670,15,1000,Alien-v0,0.0,160.0,84.0722891566,0.780739625167,10,751,414
671,15,1000,BankHeist-v0,0.0,20.0,0.0724637681159,0.00429414922169,6,751,408
672,15,1000,DoubleDunk-v0,-12.0,2.0,-0.0833333333333,0.977324263039,486,750,418
673,15,1000,Boxing-v0,-70.0,0.0,-12.7057416268,0.943914765268,19,751,415
674,15,1000,Bowling-v0,0.0,9.0,0.0650602409639,0.00642570281124,59,751,416
675,15,1000,Centipede-v0,110.0,8196.0,2502.75961538,0.570726934702,4,751,412
676,15,1000,Frostbite-v0,0.0,250.0,18.1553398058,0.125017475728,22,751,415
677,15,1000,ChopperCommand-v0,0.0,900.0,528.43373494,0.811198704282,131,750,408
678,15,1000,Asteroids-v0,20.0,930.0,277.156862745,0.543774643322,652,750,403
679,15,1000,Boxing-v0,-71.0,0.0,-11.7593052109,0.952269908941,276,750,398
680,15,1000,Asteroids-v0,40.0,1180.0,347.412060302,0.536225122054,96,751,395
681,15,1000,Alien-v0,0.0,160.0,93.8481012658,0.887957102672,10,751,398
682,15,1000,ChopperCommand-v0,0.0,900.0,542.462311558,0.82428603925,275,751,400
683,15,1000,Centipede-v0,66.0,8196.0,2442.25,0.578875516401,4,750,411
684,15,1000,Bowling-v0,0.0,9.0,0.0656934306569,0.00648824006488,59,750,401
685,15,1000,DoubleDunk-v0,-2.0,2.0,-0.0648379052369,0.857855361596,486,751,396
686,15,1000,BankHeist-v0,0.0,20.0,0.0505050505051,0.00224466891134,6,750,398
687,15,1000,Frostbite-v0,0.0,250.0,22.2110552764,0.137219430486,22,750,402
688,15,1000,Centipede-v0,80.0,6156.0,2464.50248756,0.680426213426,4,751,406
689,15,1000,Alien-v0,0.0,140.0,81.0837438424,0.752074885784,10,751,406
690,15,1000,Bowling-v0,0.0,9.0,0.0665024630542,0.00656814449918,59,751,413
691,15,1000,Boxing-v0,-70.0,0.0,-13.9491525424,0.954307456639,12,751,408
692,15,1000,ChopperCommand-v0,0.0,1500.0,603.18627451,0.743752118131,19,751,413
693,15,1000,BankHeist-v0,0.0,20.0,0.0726392251816,0.00430454667743,510,750,416
694,15,1000,DoubleDunk-v0,-2.0,2.0,-0.0576923076923,0.861111111111,486,750,419
695,15,1000,Asteroids-v0,20.0,930.0,320.906921241,0.607572308273,374,751,417
696,15,1000,Frostbite-v0,0.0,250.0,26.4268585132,0.190891553424,96,751,421
697,15,1000,Centipede-v0,105.0,8196.0,2957.6152019,0.667614507282,4,750,418
698,15,1000,Asteroids-v0,20.0,1180.0,315.19138756,0.523739491416,448,750,422
699,15,1000,DoubleDunk-v0,-22.0,2.0,-1.21800947867,0.948189105377,486,750,423
700,15,1000,ChopperCommand-v0,0.0,1100.0,487.470449173,0.71937079803,613,751,441
701,15,1000,Boxing-v0,-71.0,0.0,-10.5170068027,0.96051320967,12,751,440
702,15,1000,Bowling-v0,0.0,9.0,0.0409090909091,0.0040404040404,59,750,438
703,15,1000,Frostbite-v0,0.0,250.0,43.2191780822,0.281005783866,22,751,438
704,15,1000,BankHeist-v0,0.0,20.0,0.0684931506849,0.00405885337392,6,750,433
705,15,1000,Alien-v0,0.0,160.0,91.3625866051,0.857294072363,10,750,424
706,16,2000,ChopperCommand-v0,0.0,1100.0,559.198113208,0.796524420881,19,750,425
707,16,2000,Centipede-v0,100.0,13198.0,3026.58352941,0.445781319503,141,751,414
708,16,2000,DoubleDunk-v0,-22.0,2.0,-0.173913043478,0.948828055108,557,750,413
709,16,2000,Boxing-v0,-100.0,-14.0,-24.4430992736,0.923076161987,275,751,413
710,16,2000,Hero-v0,0.0,0.0,0.0,0.0,7,750,417
711,16,2000,Freeway-v0,0.0,19.0,0.242206235012,0.0138349154471,10,751,407
712,16,2000,Asteroids-v0,80.0,1030.0,306.412776413,0.464890455805,448,751,401
713,16,2000,Alien-v0,0.0,140.0,91.5710723192,0.881334079767,19,750,400
714,16,2000,Gravitar-v0,0.0,250.0,2.125,0.0139555555556,132,751,413
715,16,2000,Freeway-v0,0.0,16.0,0.0774818401937,0.00430454667743,7,750,414
716,16,2000,Asteroids-v0,80.0,1180.0,338.45410628,0.459258904371,349,750,402
717,16,2000,Hero-v0,0.0,0.0,0.0,0.0,7,751,402
718,16,2000,DoubleDunk-v0,-16.0,0.0,-0.208955223881,0.891652846877,7,751,398
719,16,2000,Gravitar-v0,0.0,0.0,0.0,0.0,7,750,407
720,16,2000,Centipede-v0,155.0,11749.0,3195.72727273,0.495728666328,334,750,419
721,16,2000,ChopperCommand-v0,0.0,1100.0,504.057279236,0.705654943884,12,750,417
722,16,2000,Alien-v0,0.0,140.0,88.2014388489,0.8757510998,19,751,413
723,16,2000,Boxing-v0,-100.0,-13.0,-24.6222760291,0.93566848877,436,751,409
724,16,2000,ChopperCommand-v0,0.0,1100.0,627.628361858,0.895642353744,12,751,418
725,16,2000,Centipede-v0,160.0,14206.0,2921.09090909,0.396642538114,335,750,421
726,16,2000,Gravitar-v0,0.0,0.0,0.0,0.0,7,750,423
727,16,2000,Hero-v0,0.0,2720.0,19.2907801418,0.00630417651694,303,750,416
728,16,2000,Freeway-v0,0.0,17.0,0.314903846154,0.0176485375447,7,750,418
729,16,2000,Alien-v0,0.0,140.0,88.2535885167,0.84180147338,19,751,424
730,16,2000,Boxing-v0,-100.0,-11.0,-24.9622641509,0.948907145695,35,751,422
731,16,2000,DoubleDunk-v0,-16.0,0.0,-0.085308056872,0.888757240653,7,751,418
732,16,2000,Asteroids-v0,80.0,1950.0,317.248803828,0.282350423567,506,750,422
733,16,2000,ChopperCommand-v0,0.0,1100.0,610.18957346,0.865057294183,507,750,418
734,16,2000,Boxing-v0,-100.0,-17.0,-22.1435406699,0.904342259027,24,750,406
735,16,2000,Asteroids-v0,80.0,1030.0,331.773399015,0.489022677686,461,750,413
736,16,2000,Freeway-v0,0.0,17.0,0.363196125908,0.019705589115,7,750,416
737,16,2000,Hero-v0,0.0,2720.0,13.0769230769,0.0042735042735,303,750,423
738,16,2000,DoubleDunk-v0,-2.0,0.0,-0.0425531914894,0.869976359338,7,751,419
739,16,2000,Alien-v0,0.0,140.0,91.8138424821,0.876506529422,19,751,412
740,16,2000,Gravitar-v0,0.0,100.0,0.728155339806,0.00647249190939,417,751,414
741,16,2000,Centipede-v0,150.0,13971.0,3207.19565217,0.448546922664,6,751,407
742,16,2000,Gravitar-v0,0.0,250.0,1.7199017199,0.00821184821185,135,751,415
743,16,2000,DoubleDunk-v0,-2.0,0.0,-0.110843373494,0.839625167336,7,751,412
744,16,2000,Alien-v0,0.0,140.0,91.8446601942,0.85009796799,5,750,415
745,16,2000,Centipede-v0,160.0,13444.0,3448.74698795,0.487913515127,5,750,415
746,16,2000,Hero-v0,0.0,75.0,0.722891566265,0.00856760374833,435,751,419
747,16,2000,Boxing-v0,-100.0,-19.0,-26.785202864,0.889704359847,6,751,417
748,16,2000,Freeway-v0,0.0,16.0,0.230215827338,0.0127897681855,485,751,414
749,16,2000,Asteroids-v0,40.0,1080.0,315.821256039,0.515099000467,626,750,412
750,16,2000,ChopperCommand-v0,0.0,1100.0,584.951456311,0.836074781353,12,751,409
751,17,2000,Centipede-v0,100.0,13444.0,2688.48655257,0.410584320772,5,750,400
752,17,2000,Frostbite-v0,0.0,220.0,20.95,0.141212121212,20,750,404
753,17,2000,Alien-v0,0.0,140.0,93.4158415842,0.872005567904,5,751,410
754,17,2000,Atlantis-v0,1500.0,3100.0,1510.0,0.00696138211382,24,751,411
755,17,2000,DoubleDunk-v0,-2.0,2.0,-0.043795620438,0.867261422006,680,750,414
756,17,2000,Boxing-v0,-100.0,-4.0,-25.9492753623,0.9470122674,449,750,414
757,17,2000,FishingDerby-v0,-84.0,-60.0,-78.2367149758,0.531341325222,693,751,410
758,17,2000,ChopperCommand-v0,0.0,1100.0,590.243902439,0.836533852942,12,750,412
759,17,2000,Asteroids-v0,40.0,1180.0,293.009708738,0.433465047581,408,750,410
760,17,2000,Atlantis-v0,1500.0,6200.0,1531.70731707,0.0078692611281,304,751,410
761,17,2000,FishingDerby-v0,-84.0,-78.0,-78.3731707317,0.856127672388,7,750,400
762,17,2000,Alien-v0,0.0,140.0,96.625,0.913424036281,5,750,410
763,17,2000,Asteroids-v0,80.0,1180.0,332.951219512,0.452379762145,408,751,419
764,17,2000,Centipede-v0,150.0,13444.0,3292.48448687,0.460530766234,5,750,411
765,17,2000,Boxing-v0,-100.0,-4.0,-27.4866180049,0.938469199634,449,751,408
766,17,2000,ChopperCommand-v0,0.0,1100.0,604.656862745,0.863411296566,290,751,404
767,17,2000,DoubleDunk-v0,-24.0,2.0,-0.584158415842,0.92812831579,680,751,403
768,17,2000,Frostbite-v0,0.0,160.0,16.4516129032,0.14014681555,7,751,408
769,17,2000,FishingDerby-v0,-84.0,-54.0,-78.1642156863,0.445703219559,612,750,410
770,17,2000,DoubleDunk-v0,-2.0,2.0,-0.0292682926829,0.871544715447,680,751,405
771,17,2000,Centipede-v0,150.0,13444.0,3556.4345679,0.498108092541,5,750,405
772,17,2000,Asteroids-v0,80.0,1180.0,312.469135802,0.426385153442,548,751,397
773,17,2000,Boxing-v0,-100.0,-4.0,-27.3324937028,0.933902902167,449,751,400
774,17,2000,Atlantis-v0,1500.0,6500.0,1538.25,0.0119644444444,703,750,394
775,17,2000,ChopperCommand-v0,0.0,1100.0,578.680203046,0.837465564738,12,750,401
776,17,2000,Frostbite-v0,0.0,160.0,12.1695760599,0.0978802992519,7,751,399
777,17,2000,Alien-v0,0.0,140.0,91.6290726817,0.887479469649,5,751,399
778,17,2000,Frostbite-v0,0.0,200.0,21.8295739348,0.186098579783,130,750,395
779,17,2000,FishingDerby-v0,-84.0,-78.0,-78.2329113924,0.868135646195,7,750,402
780,17,2000,Centipede-v0,150.0,13444.0,2983.6641791,0.412299384402,645,751,396
781,17,2000,Boxing-v0,-100.0,-4.0,-25.5732323232,0.957333267084,449,750,408
782,17,2000,Alien-v0,0.0,140.0,86.4215686275,0.837045929483,5,750,400
783,17,2000,Asteroids-v0,40.0,1180.0,305.55,0.467170753394,548,751,403
784,17,2000,Atlantis-v0,1500.0,6400.0,1546.65012407,0.016796604025,622,750,403
785,17,2000,ChopperCommand-v0,0.0,1100.0,562.53101737,0.794354553885,368,750,402
786,17,2000,DoubleDunk-v0,-4.0,2.0,-0.0746268656716,0.973650267183,680,751,396
787,17,2000,Centipede-v0,150.0,14014.0,3395.67424242,0.465623482337,20,751,405
788,17,2000,FishingDerby-v0,-84.0,-78.0,-78.3901234568,0.854503886603,7,751,401
789,17,2000,DoubleDunk-v0,-2.0,2.0,-0.0897755610973,0.84455527847,680,750,406
790,17,2000,Boxing-v0,-100.0,-8.0,-24.7487684729,0.956658316804,449,751,397
791,17,2000,Asteroids-v0,60.0,1180.0,278.564231738,0.406862052126,548,751,396
792,17,2000,Atlantis-v0,1500.0,1500.0,1500.0,0.0,7,750,389
793,17,2000,ChopperCommand-v0,0.0,1100.0,551.156812339,0.78515465475,12,751,396
794,17,2000,Frostbite-v0,0.0,220.0,7.77777777778,0.0611254881227,327,751,390
795,17,2000,Alien-v0,0.0,140.0,91.6153846154,0.885586371301,19,751,393
796,18,2000,Freeway-v0,0.0,19.0,0.173027989822,0.00972387667531,158,750,387
797,18,2000,ChopperCommand-v0,0.0,1100.0,549.870801034,0.792477274507,12,751,394
798,18,2000,Alien-v0,0.0,140.0,96.2944162437,0.925630489082,19,750,400
799,18,2000,Bowling-v0,0.0,21.0,0.1425,0.0071201814059,59,750,399
800,18,2000,FishingDerby-v0,-84.0,-46.0,-78.2355889724,0.358655950433,19,751,402
801,18,2000,Boxing-v0,-100.0,-4.0,-28.3134328358,0.912623418402,449,750,396
802,18,2000,Centipede-v0,165.0,14014.0,3390.42676768,0.473916799808,20,750,398
803,18,2000,DoubleDunk-v0,-24.0,2.0,-0.105527638191,0.945146508347,680,751,406
804,18,2000,BankHeist-v0,0.0,0.0,0.0,0.0,19,751,394
805,18,2000,ChopperCommand-v0,0.0,1100.0,573.85786802,0.826483571292,12,751,400
806,18,2000,Bowling-v0,0.0,18.0,0.045,0.00222222222222,59,750,403
807,18,2000,Centipede-v0,155.0,14014.0,3854.88833747,0.523044068842,20,750,408
808,18,2000,Freeway-v0,0.0,19.0,0.401960784314,0.0238504758629,158,751,407
809,18,2000,Boxing-v0,-100.0,-4.0,-24.9434889435,0.946549769466,449,750,406
810,18,2000,Alien-v0,0.0,140.0,95.4926108374,0.912882722876,19,750,411
811,18,2000,DoubleDunk-v0,-24.0,2.0,-0.1800486618,0.944582815442,680,750,406
812,18,2000,FishingDerby-v0,-84.0,-46.0,-78.1502463054,0.363352422193,19,750,408
813,18,2000,BankHeist-v0,0.0,10.0,0.147058823529,0.0130718954248,6,750,409
814,18,2000,FishingDerby-v0,-84.0,-46.0,-78.0831295844,0.368007910653,19,751,408
815,18,2000,ChopperCommand-v0,0.0,1100.0,592.156862745,0.8381137579,12,750,410
816,18,2000,Freeway-v0,0.0,19.0,0.368292682927,0.0210976735806,158,751,397
817,18,2000,Bowling-v0,0.0,21.0,0.324937027708,0.0170439292426,6,750,401
818,18,2000,Boxing-v0,-100.0,-4.0,-24.289276808,0.966282211139,449,750,405
819,18,2000,BankHeist-v0,0.0,20.0,0.123456790123,0.00877914951989,489,750,411
820,18,2000,DoubleDunk-v0,-2.0,2.0,-0.0729927007299,0.854284941876,680,751,405
821,18,2000,Centipede-v0,155.0,14014.0,3425.32839506,0.469339063332,20,750,407
