tpgGen,envGen,frames,envName,tpgMin,tpgMax,tpgAvg,envFit,championSize,popsize,totalTeams,totalRootTeams
1,1,500,Atlantis-v0,300.0,10700.0,1590.0,0.2984402805172072,6751,643
2,1,500,Gravitar-v0,0.0,600.0,8.709175738724728,0.02691857227886258,6751,661
3,1,500,FishingDerby-v0,-24.0,-6.0,-18.546142208774583,0.6051437216338853,6750,633
4,1,500,Freeway-v0,0.0,6.0,0.2638230647709321,0.06412731847171024,6751,634
5,1,500,Asteroids-v0,0.0,1030.0,129.6372239747634,0.2806350856399425,11750,613
6,1,500,BankHeist-v0,0.0,30.0,0.9787928221859706,0.05671359233077559,6751,612
7,1,500,DoubleDunk-v0,-8.0,2.0,-1.0849673202614378,0.9685984023238925,6750,592
8,1,500,Alien-v0,0.0,150.0,65.1858108108108,0.6014881548214879,6751,575
9,1,500,Bowling-v0,0.0,6.0,0.09565217391304348,0.026967257112184655,4751,590
10,1,500,Centipede-v0,0.0,3727.0,674.9898305084746,0.35732141553037833,6750,570
11,1,500,Hero-v0,0.0,0.0,0.0,0.0,6751,578
12,1,500,BattleZone-v0,0.0,5000.0,385.8131487889273,0.15175701653210308,6750,580
13,1,500,Boxing-v0,-63.0,0.0,-11.53448275862069,0.9556661830334512,16751,579
14,1,500,Frostbite-v0,0.0,160.0,19.13644214162349,0.21680099788908047,11751,566
15,1,500,ChopperCommand-v0,0.0,800.0,154.59363957597174,0.3547801334903801,4751,575
16,1,500,Atlantis-v0,900.0,10700.0,1580.0,0.1711859993923641,6751,565
17,1,500,Centipede-v0,0.0,3727.0,963.0566371681416,0.49129298896520096,6750,556
18,1,500,FishingDerby-v0,-24.0,-4.0,-18.636690647482013,0.5620783373301305,11750,551
19,1,500,Gravitar-v0,0.0,600.0,12.79491833030853,0.03703703703703702,6751,560
20,1,500,BattleZone-v0,0.0,6000.0,405.35714285714283,0.1370370370370373,11750,555
21,1,500,DoubleDunk-v0,-6.0,2.0,-0.9225225225225225,0.9423423423423473,6751,553
22,1,500,Frostbite-v0,0.0,160.0,15.858951175406872,0.180266726943942,11750,558
23,1,500,Boxing-v0,-64.0,1.0,-9.75089605734767,0.9591543009574434,6751,545
24,1,500,Bowling-v0,0.0,6.0,0.05504587155963303,0.01467889908256881,4750,559
25,1,500,Freeway-v0,0.0,6.0,0.2003577817531306,0.04805759844519537,6750,554
26,1,500,Asteroids-v0,0.0,1180.0,141.64259927797835,0.27151738743805837,6750,549
27,1,500,Alien-v0,0.0,220.0,70.29143897996357,0.5500007526833164,11751,543
28,1,500,Hero-v0,0.0,2770.0,25.414364640883978,0.008213462488100162,6751,538
29,1,500,ChopperCommand-v0,0.0,800.0,184.38661710037175,0.42657992565055614,4751,549
30,1,500,BankHeist-v0,0.0,30.0,2.0765027322404372,0.1054217544806494,6750,556
31,1,500,Boxing-v0,-43.0,1.0,-7.933453237410072,0.9658339444147157,6751,549
32,1,500,Gravitar-v0,0.0,600.0,12.477231329690346,0.038836043086194864,6750,543
33,1,500,BankHeist-v0,0.0,30.0,2.394106813996317,0.12623058909123983,6750,542
34,1,500,Atlantis-v0,1000.0,10700.0,1590.590405904059,0.14894831486310312,6751,540
35,1,500,Hero-v0,0.0,2770.0,61.111111111111114,0.019884638077672438,6751,547
36,1,500,BattleZone-v0,0.0,6000.0,398.5374771480804,0.12476583835511336,11751,542
37,1,500,Frostbite-v0,0.0,160.0,16.494464944649447,0.18698749487494848,11750,541
38,1,500,DoubleDunk-v0,-10.0,2.0,-0.9057301293900185,0.9827251774263415,6750,542
39,1,500,Freeway-v0,0.0,6.0,0.1014760147601476,0.023871349824609363,6751,547
40,1,500,Alien-v0,0.0,260.0,93.36380255941499,0.6425485013587975,11750,536
41,1,500,ChopperCommand-v0,0.0,800.0,151.86567164179104,0.37468905472636693,4750,532
42,1,500,FishingDerby-v0,-24.0,-4.0,-18.020676691729324,0.6062907268170372,11750,528
43,1,500,Centipede-v0,0.0,5148.0,944.4450757575758,0.38994135719989864,9750,532
44,1,500,Bowling-v0,0.0,6.0,0.07330827067669173,0.020050125313283214,4750,543
45,1,500,Asteroids-v0,0.0,1180.0,148.28729281767957,0.27321422787576066,6750,524
46,1,500,Bowling-v0,0.0,6.0,0.07061068702290077,0.019413815851474888,4750,533
47,1,500,ChopperCommand-v0,0.0,900.0,196.62288930581613,0.43269842005162573,34751,520
48,1,500,Gravitar-v0,0.0,600.0,19.134615384615383,0.05814339981006644,6750,531
49,1,500,FishingDerby-v0,-24.0,4.0,-18.0225988700565,0.4712112089028969,29750,524
50,1,500,BankHeist-v0,0.0,40.0,1.6984732824427482,0.0769720101781171,11751,528
51,1,500,Hero-v0,0.0,3040.0,89.14772727272727,0.03068583311181995,6750,527
52,1,500,Atlantis-v0,900.0,10700.0,1564.3263757115749,0.1676938495389389,6751,540
53,1,500,Boxing-v0,-64.0,4.0,-7.9,0.9685761886453901,6750,522
54,1,500,Centipede-v0,5.0,5148.0,943.5402298850574,0.3890198505960313,9751,523
55,1,500,Alien-v0,0.0,260.0,108.06883365200765,0.7297805232795705,11750,532
56,1,500,BattleZone-v0,0.0,6000.0,419.17293233082705,0.10637705374547488,11750,526
57,1,500,Frostbite-v0,0.0,160.0,15.38022813688213,0.17346588508660732,11751,508
58,1,500,Freeway-v0,0.0,6.0,0.0984251968503937,0.022358316321570915,6751,518
59,1,500,Asteroids-v0,0.0,1180.0,173.011583011583,0.30960052677949856,6751,518
60,1,500,DoubleDunk-v0,-6.0,2.0,-1.055984555984556,0.930448305448311,6751,513
61,1,500,ChopperCommand-v0,0.0,900.0,183.43079922027292,0.4098861694703139,34751,524
62,1,500,FishingDerby-v0,-24.0,4.0,-17.73854961832061,0.4916177666995567,29751,517
63,1,500,Gravitar-v0,0.0,600.0,16.634429400386846,0.048570814528261314,6750,505
64,1,500,Asteroids-v0,0.0,1180.0,194.67326732673268,0.3480279082202958,6751,510
65,1,500,BankHeist-v0,0.0,40.0,2.5098039215686274,0.11546840958605663,11750,514
66,1,500,DoubleDunk-v0,-6.0,2.0,-0.7859922178988327,0.946389969736278,6750,512
67,1,500,Hero-v0,0.0,3040.0,38.759765625,0.013306875748427397,6750,503
68,1,500,Centipede-v0,1.0,5148.0,1063.7216699801193,0.43317657431547424,9750,497
69,1,500,BattleZone-v0,0.0,6000.0,382.2937625754527,0.1047271282013067,11751,501
70,1,500,Frostbite-v0,0.0,160.0,18.08383233532934,0.20323242404080694,11750,510
71,1,500,Boxing-v0,-64.0,4.0,-8.57843137254902,0.9658344075807924,6750,497
72,1,500,Freeway-v0,0.0,6.0,0.07847082494969819,0.01709019549395136,6751,511
73,1,500,Bowling-v0,0.0,6.0,0.1898238747553816,0.05121886400425215,4751,513
74,1,500,Atlantis-v0,900.0,10700.0,1591.0331384015594,0.17284978995377528,6750,497
75,1,500,Alien-v0,0.0,260.0,96.43863179074447,0.6509431341500702,11750,493
76,2,500,Gravitar-v0,0.0,600.0,24.036511156186613,0.07580196829689725,6751,499
77,2,500,Centipede-v0,0.0,5148.0,1092.7895791583167,0.4430324336212258,9750,498
78,2,500,Frostbite-v0,0.0,160.0,18.353413654618475,0.20953257474341788,11751,498
79,2,500,DoubleDunk-v0,-6.0,2.0,-0.8313253012048193,0.9475680499776935,6751,501
80,2,500,ChopperCommand-v0,0.0,1000.0,188.62275449101796,0.3862142381902846,16751,497
81,2,500,BankHeist-v0,0.0,40.0,2.2937625754527162,0.10462776659959759,11750,496
82,2,500,Atlantis-v0,500.0,10700.0,1554.233870967742,0.2528163278805076,6750,498
83,2,500,FishingDerby-v0,-24.0,4.0,-17.991967871485944,0.47409593020608654,29751,499
84,2,500,Alien-v0,0.0,270.0,107.33466933867736,0.6977478810692542,9750,501
85,2,500,Asteroids-v0,0.0,1300.0,192.53493013972056,0.31509766791203964,44750,491
86,2,500,Bowling-v0,0.0,9.0,0.19144602851323828,0.040185618219864265,27750,513
87,2,500,Boxing-v0,-64.0,4.0,-7.175438596491228,0.9603376419175975,6750,490
88,2,500,Bowling-v0,0.0,9.0,0.1816326530612245,0.03899106967890035,32751,490
89,2,500,ChopperCommand-v0,0.0,1000.0,194.48979591836735,0.4212970521541927,16751,492
90,2,500,Boxing-v0,-63.0,4.0,-6.142276422764228,0.9676062513948052,6751,503
91,2,500,Alien-v0,0.0,270.0,120.47713717693837,0.7859345981722797,9751,505
92,2,500,Centipede-v0,0.0,5148.0,1132.0891089108911,0.45876300857029734,9751,504
93,2,500,Atlantis-v0,900.0,10700.0,1550.7936507936508,0.1648431319401757,6751,518
94,2,500,FishingDerby-v0,-24.0,4.0,-17.901544401544403,0.4779896514590407,29750,507
95,2,500,BankHeist-v0,0.0,40.0,2.603550295857988,0.11834319526627211,11750,511
96,2,500,DoubleDunk-v0,-6.0,2.0,-0.8610567514677103,0.942596216568824,6750,496
97,2,500,Asteroids-v0,0.0,1300.0,206.71370967741936,0.3374011155648877,44751,498
98,2,500,Gravitar-v0,0.0,600.0,29.919678714859437,0.09390649015816346,6750,498
99,2,500,Frostbite-v0,0.0,160.0,14.457831325301205,0.16365461847389534,11751,495
100,2,500,BankHeist-v0,0.0,40.0,2.5656565656565657,0.11874298540965204,11751,496
101,2,500,Atlantis-v0,900.0,10700.0,1551.8145161290322,0.16522461519169956,6751,508
102,2,500,Boxing-v0,-64.0,4.0,-6.94488188976378,0.9633605487895301,6751,492
103,2,500,FishingDerby-v0,-24.0,4.0,-17.701219512195124,0.4924921187987405,29751,491
104,2,500,Centipede-v0,0.0,5148.0,1165.8228105906314,0.4704879189096789,9750,490
105,2,500,Frostbite-v0,0.0,160.0,11.612244897959183,0.13062641723355992,11751,487
106,2,500,ChopperCommand-v0,0.0,1000.0,185.42094455852157,0.3966598220396971,16750,492
107,2,500,DoubleDunk-v0,-6.0,2.0,-0.8272357723577236,0.9461946702800409,6750,489
108,2,500,Gravitar-v0,0.0,600.0,24.233128834355828,0.07515968592996537,6751,487
109,2,500,Alien-v0,0.0,280.0,111.04722792607802,0.7152681743470857,42751,482
110,2,500,Asteroids-v0,0.0,1300.0,207.05394190871368,0.34015053429033687,44750,475
111,2,500,Bowling-v0,0.0,9.0,0.13263157894736843,0.028070175438596478,27750,479
112,2,500,DoubleDunk-v0,-4.0,2.0,-0.7473903966597077,0.8604345472821413,6750,477
113,2,500,Gravitar-v0,0.0,600.0,31.341719077568133,0.09936071641172962,6751,484
114,2,500,Centipede-v0,0.0,5148.0,1235.6219008264463,0.4942035038127343,9751,482
115,2,500,BankHeist-v0,0.0,40.0,2.3651452282157677,0.10696173351775012,11750,482
116,2,500,ChopperCommand-v0,0.0,1000.0,196.47302904564316,0.4257076994006427,16751,484
117,2,500,Asteroids-v0,0.0,1300.0,249.87603305785123,0.39968485283170646,44751,478
118,2,500,Bowling-v0,0.0,9.0,0.11297071129707113,0.02355493568882689,27750,472
119,2,500,FishingDerby-v0,-24.0,4.0,-17.75423728813559,0.49037242015450433,29750,463
120,2,500,Alien-v0,0.0,280.0,115.33477321814254,0.7418443259233165,42750,468
121,2,500,Boxing-v0,-41.0,4.0,-5.598290598290598,0.975648646430537,6751,465
122,2,500,Atlantis-v0,500.0,10700.0,1596.774193548387,0.25943445150449734,6750,476
123,2,500,Frostbite-v0,0.0,160.0,9.012605042016807,0.1034809757236227,11750,480
124,2,500,DoubleDunk-v0,-6.0,2.0,-0.8145833333333333,0.9453125000000048,6750,480
125,2,500,Asteroids-v0,0.0,1300.0,248.875,0.39769800569800634,44750,467
126,2,500,Atlantis-v0,900.0,10700.0,1563.169164882227,0.16705863396794346,6750,477
127,2,500,Centipede-v0,0.0,5228.0,1370.4318658280922,0.5305121701989238,11751,477
128,2,500,Gravitar-v0,0.0,600.0,38.15513626834382,0.12045448663198483,6750,463
129,2,500,Bowling-v0,0.0,9.0,0.12311015118790497,0.02495800335973121,27750,468
130,2,500,Frostbite-v0,0.0,160.0,15.320512820512821,0.17579237891737867,11750,473
131,2,500,FishingDerby-v0,-24.0,4.0,-17.731501057082454,0.4904335236561165,29751,473
132,2,500,BankHeist-v0,0.0,40.0,2.0084566596194504,0.09372797744890773,11750,480
133,2,500,Boxing-v0,-49.0,4.0,-6.216666666666667,0.9684031486096308,6750,470
134,2,500,Alien-v0,0.0,280.0,112.46808510638297,0.7233270613209842,42750,472
135,2,500,ChopperCommand-v0,0.0,1000.0,179.66101694915255,0.40022598870056303,16751,470
136,3,500,FishingDerby-v0,-24.0,4.0,-17.625531914893617,0.49926183239253313,29750,475
137,3,500,ChopperCommand-v0,0.0,1000.0,194.94736842105263,0.43332865497075695,16751,470
138,3,500,Asteroids-v0,0.0,1300.0,256.29787234042556,0.408092548295495,44750,464
139,3,500,DoubleDunk-v0,-6.0,2.0,-0.8448275862068966,0.9386973180076666,6750,462
140,3,500,Centipede-v0,0.0,5228.0,1320.1623376623377,0.5021416598022236,11751,470
141,3,500,BattleZone-v0,0.0,6000.0,491.48936170212767,0.1260835303388496,11750,459
142,3,500,Boxing-v0,-64.0,6.0,-6.73202614379085,0.9728604528231063,112750,460
143,3,500,Hero-v0,0.0,3040.0,54.53260869565217,0.018849727591767364,6750,468
144,3,500,Alien-v0,0.0,280.0,120.7905982905983,0.7721233792662404,42750,465
145,3,500,Alien-v0,0.0,280.0,126.94623655913979,0.8040621266427754,42751,467
146,3,500,Asteroids-v0,0.0,1300.0,264.2612419700214,0.41241750398067384,44751,465
147,3,500,BattleZone-v0,0.0,6000.0,552.6881720430108,0.13062524890481883,11750,464
148,3,500,Hero-v0,0.0,3040.0,60.560344827586206,0.020573990438702623,6750,466
149,3,500,Centipede-v0,0.0,5228.0,1363.5965665236051,0.5202215763634779,11751,458
150,3,500,ChopperCommand-v0,0.0,1000.0,183.84279475982532,0.4046191169335256,16751,465
151,3,500,FishingDerby-v0,-24.0,4.0,-17.804301075268818,0.48717723648599376,29750,453
152,3,500,Boxing-v0,-35.0,6.0,-5.061810154525387,0.9774178999529731,112751,451
153,3,500,DoubleDunk-v0,-6.0,2.0,-0.7095343680709535,0.9517122443951747,6751,467
154,3,500,Centipede-v0,0.0,5228.0,1413.3854389721628,0.5402831140085459,11751,451
155,3,500,Hero-v0,0.0,3040.0,73.43680709534368,0.02567686270856664,6751,459
156,3,500,FishingDerby-v0,-24.0,4.0,-17.65359477124183,0.49675672738231236,29751,447
157,3,500,Boxing-v0,-43.0,6.0,-4.868008948545861,0.9831258684057703,112751,455
158,3,500,ChopperCommand-v0,0.0,1000.0,194.06593406593407,0.4303394383394358,16750,451
159,3,500,Alien-v0,0.0,280.0,119.53436807095343,0.7688281521034162,42750,445
160,3,500,DoubleDunk-v0,-6.0,2.0,-0.7685393258426966,0.9503121098626754,6751,462
161,3,500,Asteroids-v0,0.0,1300.0,278.93939393939394,0.43150103457795785,44750,445
162,3,500,BattleZone-v0,0.0,6000.0,631.4606741573034,0.14093494243306975,11751,455
163,3,500,Hero-v0,0.0,3040.0,62.7032967032967,0.02169124734914208,6751,462
164,3,500,FishingDerby-v0,-24.0,4.0,-17.56926406926407,0.5033571870306581,29750,467
165,3,500,ChopperCommand-v0,0.0,1000.0,191.8629550321199,0.4236212229359956,16751,463
166,3,500,Alien-v0,0.0,280.0,121.59827213822894,0.7739919581943683,42751,459
167,3,500,BattleZone-v0,0.0,6000.0,729.8474945533769,0.16805185723123284,11751,457
168,3,500,Boxing-v0,-29.0,6.0,-5.240700218818381,0.9627484779469777,112750,446
169,3,500,Asteroids-v0,20.0,1300.0,314.84304932735427,0.45953810102142373,44751,451
170,3,500,DoubleDunk-v0,-4.0,2.0,-0.6651884700665188,0.87947222906572,6751,453
171,3,500,Centipede-v0,0.0,5228.0,1311.6754966887418,0.5034544324524339,11751,445
172,3,500,BattleZone-v0,0.0,6000.0,698.876404494382,0.15269801636842836,11750,443
173,3,500,Hero-v0,0.0,3060.0,64.627539503386,0.02221305706016252,97750,443
174,3,500,FishingDerby-v0,-24.0,4.0,-17.686230248306998,0.48968842616053376,29750,442
175,3,500,Boxing-v0,-35.0,6.0,-5.040723981900452,0.9817637697401148,112751,439
176,3,500,Centipede-v0,0.0,6085.0,1468.2961275626424,0.5014550194881221,51751,437
177,3,500,Asteroids-v0,0.0,1300.0,292.74599542334096,0.44849838342533277,44750,445
178,3,500,Alien-v0,0.0,280.0,125.86516853932584,0.8077097505668969,42750,439
179,3,500,ChopperCommand-v0,0.0,1000.0,184.96583143507974,0.41362692989116456,16750,440
180,3,500,DoubleDunk-v0,-6.0,2.0,-0.7227272727272728,0.953282828282832,6750,438
181,4,500,Gravitar-v0,0.0,600.0,33.10502283105023,0.10603754439370873,6751,432
182,4,500,Asteroids-v0,0.0,1300.0,355.9953703703704,0.5271760781162489,44750,432
183,4,500,Boxing-v0,-63.0,6.0,-5.347222222222222,0.9748003972606674,112750,437
184,4,500,Centipede-v0,0.0,6085.0,1550.5881006864988,0.5221535664809684,51750,436
185,4,500,Freeway-v0,0.0,6.0,0.06422018348623854,0.013365047004190736,6750,435
186,4,500,Alien-v0,0.0,280.0,122.41379310344827,0.7852425261292287,42751,442
187,4,500,DoubleDunk-v0,-6.0,2.0,-0.6787330316742082,0.9537456008044268,6750,443
188,4,500,FishingDerby-v0,-24.0,4.0,-17.781038374717834,0.48511232935612286,29750,454
189,4,500,ChopperCommand-v0,0.0,1000.0,183.25991189427313,0.40544297601566126,16751,445
190,4,500,FishingDerby-v0,-24.0,4.0,-17.364044943820225,0.5150551606410368,29750,441
191,4,500,DoubleDunk-v0,-4.0,2.0,-0.5986394557823129,0.8909045099521236,6751,446
192,4,500,Asteroids-v0,0.0,1300.0,351.32286995515693,0.5204859913380098,44751,458
193,4,500,Alien-v0,0.0,280.0,124.58515283842794,0.7966907286932275,42751,452
194,4,500,ChopperCommand-v0,0.0,1000.0,195.57522123893804,0.43492625368731325,16751,456
195,4,500,Centipede-v0,0.0,6085.0,1521.2609649122808,0.5114003930122767,51750,445
196,4,500,Boxing-v0,-43.0,6.0,-5.253932584269663,0.9776908393870413,112751,437
197,4,500,Freeway-v0,0.0,6.0,0.057208237986270026,0.011074384834873012,6750,445
198,4,500,Gravitar-v0,0.0,600.0,38.31460674157304,0.11910112359550552,6751,442
199,4,500,Centipede-v0,0.0,6085.0,1608.6742081447965,0.5358801013571188,51751,432
200,4,500,Asteroids-v0,0.0,1300.0,342.2453703703704,0.5079285070738071,44751,429
201,4,1000,ChopperCommand-v0,0.0,1000.0,211.42191142191143,0.45119917119916875,16750,433
202,4,1000,Freeway-v0,0.0,9.0,0.16628175519630484,0.021897185869472247,71751,433
203,4,1000,FishingDerby-v0,-48.0,4.0,-38.226327944572745,0.35329558619663454,29751,438
204,4,1000,Boxing-v0,-58.0,6.0,-19.189497716894977,0.90834383720193,112750,427
205,4,1000,DoubleDunk-v0,-8.0,2.0,-0.6604215456674473,0.9771532656778525,6751,433
206,4,1000,Gravitar-v0,0.0,700.0,47.45958429561201,0.13142501034285908,39750,433
207,4,1000,Alien-v0,0.0,280.0,121.96304849884527,0.7789089461804765,42751,423
208,4,1000,Centipede-v0,10.0,8170.0,2637.446808510638,0.6154247236191613,17750,424
209,4,1000,Freeway-v0,0.0,9.0,0.054245283018867926,0.006703419002510547,71750,418
210,4,1000,Boxing-v0,-59.0,6.0,-21.385167464114833,0.9089356347655936,112750,429
211,4,1000,Gravitar-v0,0.0,700.0,50.6993006993007,0.1424607138892851,39751,437
212,4,1000,Alien-v0,0.0,280.0,122.79176201372998,0.7905996876248627,42750,438
213,4,1000,ChopperCommand-v0,0.0,1200.0,191.55251141552512,0.3552906026269811,52751,430
214,4,1000,Asteroids-v0,40.0,1830.0,520.7674418604652,0.5126407888084592,39750,427
215,4,1000,DoubleDunk-v0,-12.0,2.0,-0.7868852459016393,0.9795918367346965,6751,423
216,4,1000,FishingDerby-v0,-48.0,4.0,-41.241134751773046,0.2698221743502698,29751,416
217,4,1000,FishingDerby-v0,-50.0,4.0,-39.60817307692308,0.40342407935000646,29751,410
218,4,1000,DoubleDunk-v0,-6.0,2.0,-0.7121951219512195,0.9544715447154503,6751,418
219,4,1000,Gravitar-v0,0.0,700.0,51.79425837320574,0.1432151808091656,39750,419
220,4,1000,ChopperCommand-v0,0.0,1200.0,202.62529832935562,0.38342320044786365,52750,430
221,4,1000,Alien-v0,0.0,300.0,124.76744186046511,0.7575446454206108,120751,417
222,4,1000,Centipede-v0,65.0,8170.0,2749.7242206235014,0.6218042722194317,17751,416
223,4,1000,Boxing-v0,-90.0,6.0,-21.927884615384617,0.9785759066358003,112750,416
224,4,1000,Freeway-v0,0.0,9.0,0.1466346153846154,0.01754247124617495,71750,417
225,4,1000,Asteroids-v0,20.0,2180.0,516.8345323741007,0.4635293137232326,20751,416
226,5,1000,Freeway-v0,0.0,11.0,0.2956730769230769,0.034770784770784775,160751,414
227,5,1000,Centipede-v0,77.0,8907.0,3108.9347826086955,0.6507089681525419,141751,420
228,5,1000,Boxing-v0,-76.0,6.0,-20.99047619047619,0.9578274458702779,112751,419
229,5,1000,Atlantis-v0,1500.0,13000.0,1907.398568019093,0.06098379885495668,21751,415
230,5,1000,DoubleDunk-v0,-12.0,2.0,-0.983132530120482,0.9799415348468724,6750,426
231,5,1000,ChopperCommand-v0,0.0,1200.0,288.0281690140845,0.48753839911899505,52751,424
232,5,1000,Asteroids-v0,20.0,2180.0,491.4622641509434,0.4515770720639106,20751,420
233,5,1000,Bowling-v0,0.0,23.0,0.530952380952381,0.04284414038667346,14751,418
234,5,1000,Alien-v0,0.0,300.0,89.47368421052632,0.5565361214484018,120751,407
235,5,1000,Asteroids-v0,40.0,2180.0,563.8574938574939,0.4914071679728064,20751,416
236,5,1000,Boxing-v0,-62.0,6.0,-20.817307692307693,0.9273208529263902,112751,415
237,5,1000,Freeway-v0,0.0,11.0,0.5084337349397591,0.06381448659652382,160751,422
238,5,1000,ChopperCommand-v0,0.0,1200.0,289.09952606635073,0.48838570007606436,52751,426
239,5,1000,Atlantis-v0,1500.0,13000.0,1962.9107981220657,0.07424581374686548,21750,417
240,5,1000,DoubleDunk-v0,-6.0,2.0,-0.815347721822542,0.9488409272581966,6751,413
241,5,1000,Alien-v0,0.0,300.0,89.5641646489104,0.5589597345529544,120751,415
242,5,1000,Bowling-v0,0.0,31.0,0.9975903614457832,0.06448882592457941,24751,403
243,5,1000,Centipede-v0,65.0,8907.0,3041.151364764268,0.635570194458308,141751,410
244,5,1000,Alien-v0,0.0,320.0,120.65853658536585,0.7034002371273722,55751,419
245,5,1000,ChopperCommand-v0,0.0,1200.0,235.79952267303102,0.4202834497186136,52751,411
246,5,1000,Bowling-v0,0.0,33.0,1.9659367396593674,0.12383859733266228,12751,412
247,5,1000,Atlantis-v0,1500.0,18200.0,1781.3106796116506,0.032644824104866646,25750,410
248,5,1000,Centipede-v0,125.0,8907.0,3240.490243902439,0.659738471910163,141751,401
249,5,1000,DoubleDunk-v0,-14.0,2.0,-0.8678304239401496,0.9759628706012776,6750,410
250,5,1000,Freeway-v0,0.0,11.0,0.2121951219512195,0.02517413603888105,160751,410
251,5,1000,Boxing-v0,-87.0,6.0,-20.775609756097563,0.9722011818337611,112750,408
252,5,1000,Asteroids-v0,40.0,2180.0,516.6421568627451,0.455419706338101,20751,388
253,5,1000,Freeway-v0,0.0,11.0,0.7577319587628866,0.09394791400414641,160751,407
254,5,1000,Bowling-v0,0.0,37.0,2.0024570024570023,0.11189461591214683,79751,406
255,5,1000,ChopperCommand-v0,0.0,1200.0,295.0738916256158,0.5066593687283354,52751,404
256,5,1000,Centipede-v0,115.0,8907.0,3060.3514851485147,0.6325740751353518,141750,400
257,5,1000,Alien-v0,0.0,400.0,104.1,0.5044388888888894,45750,383
258,5,1000,Boxing-v0,-62.0,6.0,-19.64751958224543,0.9326328596251899,112751,388
259,5,1000,DoubleDunk-v0,-10.0,2.0,-0.8247422680412371,0.9805269186712428,6750,391
260,5,1000,Atlantis-v0,1500.0,18200.0,1863.1713554987211,0.04265519326091476,25750,385
261,5,1000,Asteroids-v0,40.0,2180.0,461.61038961038963,0.4110593727852868,20750,384
262,5,1000,Freeway-v0,0.0,11.0,0.2682291666666667,0.03422482399755127,160750,388
263,5,1000,Bowling-v0,0.0,37.0,3.8582474226804124,0.21842684144160826,79750,388
264,5,1000,Asteroids-v0,40.0,2180.0,532.2164948453608,0.47824342167070455,20751,386
265,5,1000,Boxing-v0,-43.0,6.0,-16.023316062176164,0.8755831683066231,112750,391
266,5,1000,Alien-v0,0.0,400.0,123.55498721227622,0.5700625177607282,45750,392
267,5,1000,Atlantis-v0,1500.0,18200.0,1863.0102040816328,0.042050812221335165,25750,397
268,5,1000,ChopperCommand-v0,0.0,1200.0,348.61460957178844,0.5654756351649726,52751,391
269,5,1000,Centipede-v0,92.0,8907.0,3150.278772378517,0.6483078778900959,141751,375
270,5,1000,DoubleDunk-v0,-8.0,2.0,-0.784,0.9763081481481463,6750,380
271,6,1000,Asteroids-v0,40.0,2180.0,490.44736842105266,0.42972020846070924,20751,377
272,6,1000,Freeway-v0,0.0,11.0,0.4986737400530504,0.06329024510842692,160750,382
273,6,1000,Centipede-v0,65.0,8907.0,3509.395287958115,0.7085359638711886,141750,379
274,6,1000,DoubleDunk-v0,-8.0,2.0,-0.7968337730870713,0.9780123131046593,6751,398
275,6,1000,ChopperCommand-v0,0.0,1200.0,359.54773869346735,0.5818288975742925,52750,391
276,6,1000,Gravitar-v0,0.0,700.0,45.907928388746804,0.12299412518630624,39750,390
277,6,1000,Alien-v0,0.0,400.0,123.25641025641026,0.5730170940170944,45751,380
278,6,1000,Boxing-v0,-64.0,6.0,-15.807894736842105,0.9587301587301598,112750,386
279,6,1000,Atlantis-v0,1500.0,18200.0,2201.295336787565,0.08681054529167805,25751,396
280,6,1000,Gravitar-v0,0.0,700.0,47.474747474747474,0.13023660642708246,39751,393
281,6,1000,Alien-v0,0.0,400.0,144.1730279898219,0.6704495335029697,45751,392
282,6,1000,Freeway-v0,0.0,11.0,0.8418367346938775,0.1480856805532132,160751,388
283,6,1000,Boxing-v0,-94.0,6.0,-11.948453608247423,0.9748820160366543,112751,390
284,6,1000,Atlantis-v0,1500.0,18200.0,3554.871794871795,0.2546788096359611,25751,391
285,6,1000,ChopperCommand-v0,0.0,1300.0,451.9181585677749,0.6540723141155955,209751,395
286,6,1000,DoubleDunk-v0,-4.0,2.0,-0.8962025316455696,0.8508829504610066,6751,388
287,6,1000,Centipede-v0,50.0,9236.0,2963.453608247423,0.6021233320365703,269751,398
288,6,1000,Asteroids-v0,20.0,2180.0,439.74874371859295,0.40849040201770914,20750,384
289,6,1000,Asteroids-v0,40.0,2180.0,591.7708333333334,0.522301600010351,20750,384
290,6,1000,Atlantis-v0,1500.0,18200.0,3254.1666666666665,0.2152969510081633,25751,378
291,6,1000,Boxing-v0,-72.0,6.0,-11.58994708994709,0.959256283092943,112750,377
292,6,1000,Gravitar-v0,0.0,700.0,42.44031830238727,0.11890025683129117,39751,380
293,6,1000,Freeway-v0,0.0,11.0,3.2710526315789474,0.5425547339422921,160751,389
294,6,1000,DoubleDunk-v0,-8.0,2.0,-0.9203084832904884,0.9755384175949702,6750,385
295,6,1000,Centipede-v0,50.0,9236.0,3082.8727272727274,0.6266012402291972,269750,390
296,6,1000,Alien-v0,0.0,400.0,132.30769230769232,0.6153333333333336,45751,381
297,6,1000,ChopperCommand-v0,0.0,1300.0,484.7769028871391,0.6875846633569233,209751,385
298,6,1000,Freeway-v0,0.0,11.0,3.064935064935065,0.5485408989541198,160750,388
299,6,1000,Alien-v0,0.0,400.0,158.32474226804123,0.7269501718213063,45750,392
300,6,1000,Centipede-v0,70.0,9236.0,3528.6479591836733,0.6934547445344823,269750,399
301,6,1000,DoubleDunk-v0,-12.0,2.0,-0.8070175438596491,0.9814559073420538,6750,399
302,6,1000,Boxing-v0,-65.0,6.0,-9.924812030075188,0.9585510205896721,112750,391
303,6,1000,Gravitar-v0,0.0,700.0,44.11764705882353,0.12577784737083222,39750,396
304,6,1000,Atlantis-v0,1500.0,18200.0,4689.89898989899,0.39182684249437005,25751,400
305,6,1000,Asteroids-v0,40.0,2180.0,467.175,0.4235042361778317,20751,401
306,6,1000,ChopperCommand-v0,0.0,1300.0,457.35660847880297,0.6618824405127874,209750,393
307,6,1000,Alien-v0,0.0,860.0,169.4910941475827,0.444156367217729,260751,394
308,6,1000,Gravitar-v0,0.0,700.0,47.96954314720812,0.13504149544758662,39750,390
309,6,1000,Asteroids-v0,40.0,2180.0,538.1794871794872,0.4773235647547807,20751,406
310,6,1000,DoubleDunk-v0,-6.0,2.0,-0.7832512315270936,0.9510125889436264,6751,407
311,6,1000,Atlantis-v0,1500.0,18200.0,4684.275184275184,0.38782910768281365,25751,404
312,6,1000,ChopperCommand-v0,0.0,1300.0,487.3762376237624,0.6883564096054585,209750,397
313,6,1000,Freeway-v0,0.0,11.0,3.1712846347607053,0.5665447698880232,160750,399
314,6,1000,Centipede-v0,60.0,9236.0,3362.1353383458645,0.6581033577316788,269751,399
315,6,1000,Boxing-v0,-61.0,6.0,-10.18295739348371,0.95443182099453,112751,399
316,7,1000,Centipede-v0,56.0,9236.0,3674.095238095238,0.715668183648625,269751,392
317,7,1000,Boxing-v0,-56.0,6.0,-7.918367346938775,0.96205530425837,112751,403
318,7,1000,DoubleDunk-v0,-6.0,2.0,-0.8734491315136477,0.9465122690929175,6750,402
319,7,1000,Gravitar-v0,0.0,700.0,49.004975124378106,0.13465552058302574,39751,399
320,7,1000,ChopperCommand-v0,0.0,1300.0,471.1779448621554,0.6738740341979217,209750,395
321,7,1000,Bowling-v0,0.0,44.0,7.2405063291139244,0.3699550162150851,27750,397
322,7,1000,FishingDerby-v0,-48.0,4.0,-41.73803526448363,0.25942431483993145,29750,391
323,7,1000,Alien-v0,0.0,860.0,161.99488491048592,0.42877120279296604,260751,395
324,7,1000,Asteroids-v0,40.0,2180.0,536.9367088607595,0.4756385162646938,20751,385
325,7,1000,Alien-v0,0.0,860.0,164.2077922077922,0.43362154341061854,260751,388
326,7,1000,Centipede-v0,75.0,9236.0,3675.048969072165,0.7092272688882514,269751,384
327,7,1000,DoubleDunk-v0,-12.0,2.0,-0.8072916666666666,0.9734977324263062,6751,380
328,7,1000,FishingDerby-v0,-48.0,4.0,-41.83157894736842,0.2556351430845359,29751,383
329,7,1000,Gravitar-v0,0.0,700.0,46.344647519582246,0.12906816338371713,39751,383
330,7,1000,Bowling-v0,0.0,44.0,7.488250652741514,0.384413803355175,27751,381
331,7,1000,Asteroids-v0,0.0,2180.0,565.9317585301837,0.5198374696050795,20751,373
332,7,1000,Boxing-v0,-89.0,6.0,-9.142091152815013,0.9603184481593421,112751,388
333,7,1000,ChopperCommand-v0,0.0,1300.0,505.41237113402065,0.7103438459505085,209751,379
334,7,1000,FishingDerby-v0,-46.0,4.0,-41.480211081794195,0.18717420111404276,29751,377
335,7,1000,DoubleDunk-v0,-10.0,2.0,-0.7692307692307693,0.9771752300487883,6750,381
336,7,1000,Alien-v0,0.0,860.0,160.5511811023622,0.4243637564053367,260750,377
337,7,1000,Gravitar-v0,0.0,700.0,42.04244031830239,0.11663869791948596,39751,388
338,7,1000,Boxing-v0,-70.0,6.0,-8.262886597938145,0.9654532877681616,112750,386
339,7,1000,ChopperCommand-v0,0.0,1400.0,513.9896373056995,0.6874625497867567,282750,383
340,7,1000,Centipede-v0,50.0,9236.0,3536.7075718015667,0.6917629598871033,269751,376
341,7,1000,Asteroids-v0,20.0,2180.0,591.2765957446809,0.5204261480638326,20751,374
342,7,1000,Bowling-v0,0.0,44.0,6.614973262032086,0.33980544384044725,27750,373
343,7,1000,Boxing-v0,-56.0,6.0,-7.107238605898123,0.9666179697508801,112750,375
344,7,1000,FishingDerby-v0,-48.0,4.0,-40.27733333333333,0.3162656147271528,29750,371
345,7,1000,Centipede-v0,56.0,9236.0,3824.2830188679245,0.7296027497554777,269750,382
346,7,1000,Asteroids-v0,40.0,2180.0,627.6178010471205,0.5397202994121533,20751,378
347,7,1000,Bowling-v0,0.0,44.0,6.714285714285714,0.3456741537549627,27750,377
348,7,1000,Alien-v0,0.0,860.0,162.6525198938992,0.42877702749767777,260750,375
349,7,1000,Gravitar-v0,0.0,800.0,67.46666666666667,0.16985185185185173,241750,377
350,7,1000,ChopperCommand-v0,0.0,1400.0,496.0212201591512,0.6684590723999622,282750,379
351,7,1000,DoubleDunk-v0,-8.0,2.0,-0.8126649076517151,0.9664731750219858,6750,379
352,7,1000,Alien-v0,0.0,860.0,163.16622691292875,0.4305860576739362,260750,377
353,7,1000,Gravitar-v0,0.0,800.0,68.56763925729443,0.17685307987032123,241751,372
354,7,1000,Centipede-v0,51.0,9236.0,3674.8010752688174,0.7133502966111601,269750,379
355,7,1000,Boxing-v0,-63.0,6.0,-9.364116094986807,0.9567977282438305,112751,384
356,7,1000,FishingDerby-v0,-48.0,4.0,-39.864583333333336,0.33249438417707583,29751,378
357,7,1000,DoubleDunk-v0,-10.0,2.0,-0.7037037037037037,0.9792932262068007,6750,370
358,7,1000,Bowling-v0,0.0,44.0,6.786486486486487,0.34993919539374174,27750,370
359,7,1000,Asteroids-v0,40.0,2180.0,640.972972972973,0.5437640278063016,20751,363
360,7,1000,ChopperCommand-v0,0.0,1400.0,514.0495867768595,0.6850446330965841,282750,368
361,8,1000,Centipede-v0,115.0,9236.0,3682.6684782608695,0.7088773057770865,269751,369
362,8,1000,ChopperCommand-v0,0.0,1400.0,508.4010840108401,0.6733157581008943,282751,375
363,8,1000,DoubleDunk-v0,-10.0,2.0,-0.848,0.9700082304526694,6751,368
364,8,1000,FishingDerby-v0,-48.0,4.0,-40.44836956521739,0.3101095532115592,29751,370
365,8,1000,Asteroids-v0,40.0,2180.0,729.5405405405405,0.6054326839722942,20750,367
366,8,1000,Boxing-v0,-77.0,6.0,-10.874659400544958,0.9562197884915871,112751,362
367,8,1000,Frostbite-v0,0.0,180.0,59.06077348066298,0.6189057893580107,279751,359
368,8,1000,Alien-v0,0.0,860.0,166.12813370473538,0.4380830043726951,260750,359
369,8,1000,Bowling-v0,0.0,44.0,8.144846796657381,0.41986847456586585,27750,363
370,8,1000,Alien-v0,0.0,860.0,172.8099173553719,0.45326530129126147,260751,363
371,8,1000,Bowling-v0,0.0,44.0,7.931129476584022,0.4093299638002865,27751,360
372,8,1000,Frostbite-v0,0.0,180.0,62.75,0.6586800792562111,279750,366
373,8,1000,FishingDerby-v0,-46.0,4.0,-40.89617486338798,0.21155361262902247,29751,360
374,8,1000,ChopperCommand-v0,0.0,1400.0,507.22222222222223,0.6754850088183447,282750,369
375,8,1000,Asteroids-v0,40.0,2300.0,670.2981029810298,0.54118515584961,200751,363
376,8,1000,Centipede-v0,115.0,9236.0,3629.4628099173556,0.6988157193467252,269750,361
377,8,1000,DoubleDunk-v0,-12.0,2.0,-0.8365650969529086,0.9763255255934346,6751,372
378,8,1000,Boxing-v0,-62.0,6.0,-9.239247311827956,0.9523725366174293,112750,365
379,8,1000,DoubleDunk-v0,-10.0,2.0,-0.5589041095890411,0.981160155589374,6751,363
380,8,1000,Asteroids-v0,40.0,2300.0,745.5096418732783,0.5903164571815215,200750,364
381,8,1000,Alien-v0,0.0,860.0,163.62637362637363,0.43035373376098107,260750,359
382,8,1000,FishingDerby-v0,-48.0,4.0,-40.42618384401114,0.3102910231686746,29750,368
383,8,1000,ChopperCommand-v0,0.0,1400.0,540.7608695652174,0.7155673863748429,282750,361
384,8,1000,Boxing-v0,-58.0,6.0,-7.6011080332409975,0.9632146429670663,112750,364
385,8,1000,Bowling-v0,0.0,44.0,7.6208791208791204,0.39364171182353014,27751,364
386,8,1000,Frostbite-v0,0.0,220.0,66.20879120879121,0.594960594960595,364750,374
387,8,1000,Centipede-v0,55.0,9236.0,3479.890374331551,0.6833803719094792,269751,370
388,8,1000,Asteroids-v0,20.0,2300.0,693.7567567567568,0.5720149512393284,200750,365
389,8,1000,Alien-v0,0.0,860.0,166.24657534246575,0.4375632720965629,260751,368
390,8,1000,FishingDerby-v0,-48.0,4.0,-40.62771739130435,0.30258089643541103,29751,362
391,8,1000,Frostbite-v0,0.0,220.0,61.270718232044196,0.552080321040642,364751,363
392,8,1000,ChopperCommand-v0,0.0,1400.0,510.46831955922863,0.6755495586664446,282751,350
393,8,1000,DoubleDunk-v0,-14.0,2.0,-0.92,0.9738888888888916,6751,353
394,8,1000,Bowling-v0,0.0,44.0,7.26628895184136,0.3741379803702758,27751,362
395,8,1000,Boxing-v0,-56.0,6.0,-6.734806629834254,0.9783905015046648,112751,346
396,8,1000,Centipede-v0,110.0,9236.0,3553.176300578035,0.6824681881559679,269751,354
397,8,1000,Alien-v0,0.0,860.0,169.4632768361582,0.44544530780792246,260750,353
398,8,1000,Frostbite-v0,0.0,220.0,62.6628895184136,0.5702557379096138,364750,363
399,8,1000,Bowling-v0,0.0,44.0,7.768595041322314,0.3997247708742824,27751,364
400,8,1000,FishingDerby-v0,-48.0,4.0,-40.82692307692308,0.2956647231795157,29751,364
401,8,2000,ChopperCommand-v0,0.0,1400.0,612.0879120879121,0.7739652637611849,282750,363
402,8,2000,Centipede-v0,136.0,12361.0,4583.694214876033,0.6603520393707238,209751,358
403,8,2000,Asteroids-v0,40.0,2850.0,685.6983240223464,0.44700133297778455,271751,357
404,8,2000,Boxing-v0,-100.0,6.0,-19.72829131652661,0.9625394875326819,112750,357
405,8,2000,DoubleDunk-v0,-22.0,2.0,-0.969187675070028,0.957291558598746,6750,341
406,9,2000,Asteroids-v0,40.0,3100.0,818.2404692082112,0.49468481772020945,292750,345
407,9,2000,Boxing-v0,-100.0,6.0,-20.785507246376813,0.9610471058920919,112750,358
408,9,2000,BattleZone-v0,0.0,16000.0,3547.486033519553,0.4184512725015523,229750,353
409,9,2000,Centipede-v0,136.0,13883.0,4754.832861189801,0.617164399950356,267750,353
410,9,2000,Frostbite-v0,0.0,220.0,57.478753541076486,0.50907217943015,364750,353
411,9,2000,ChopperCommand-v0,0.0,1400.0,554.957507082153,0.7003398148683481,282750,358
412,9,2000,Bowling-v0,0.0,65.0,13.983240223463687,0.46011599249244356,11750,353
413,9,2000,Gravitar-v0,0.0,800.0,51.55807365439094,0.12924929178470249,241751,362
414,9,2000,DoubleDunk-v0,-20.0,2.0,-1.1104972375690607,0.9599764597253306,6750,340
415,9,2000,Bowling-v0,0.0,65.0,13.0,0.42772850678733093,11751,343
416,9,2000,Asteroids-v0,40.0,3100.0,670.3790087463557,0.407870171618809,292750,347
417,9,2000,Boxing-v0,-100.0,6.0,-22.363112391930837,0.954691743192681,112750,344
418,9,2000,Centipede-v0,136.0,15794.0,4668.313953488372,0.5574527590229658,204750,348
419,9,2000,BattleZone-v0,0.0,16000.0,3583.3333333333335,0.4204781289910601,229751,343
420,9,2000,ChopperCommand-v0,0.0,1400.0,553.0612244897959,0.7114495944150282,282751,352
421,9,2000,Gravitar-v0,0.0,800.0,64.0625,0.16132023358585845,241751,356
422,9,2000,DoubleDunk-v0,-18.0,2.0,-1.0337078651685394,0.9606991260923833,6751,353
423,9,2000,Frostbite-v0,0.0,220.0,58.47025495750708,0.5236188826196547,364750,344
424,9,2000,ChopperCommand-v0,0.0,1500.0,573.2558139534884,0.6954005167958649,277750,345
425,9,2000,Boxing-v0,-100.0,6.0,-21.202898550724637,0.9579211976227789,112750,335
426,9,2000,BattleZone-v0,0.0,17000.0,3564.179104477612,0.40278423338899566,357751,336
427,9,2000,DoubleDunk-v0,-22.0,2.0,-0.8988095238095238,0.9539609053497923,6750,346
428,9,2000,Frostbite-v0,0.0,220.0,60.202312138728324,0.5440850968964471,364750,338
429,9,2000,Bowling-v0,0.0,65.0,15.736686390532544,0.5189130477068584,11750,340
430,9,2000,Asteroids-v0,40.0,3240.0,692.8235294117648,0.408643892973856,240751,351
431,9,2000,Gravitar-v0,0.0,800.0,56.98005698005698,0.14142133586578023,241750,344
432,9,2000,Centipede-v0,136.0,15794.0,4950.816860465116,0.5905739367846268,204751,342
433,9,2000,BattleZone-v0,0.0,18000.0,3862.5730994152045,0.4050088641814876,267751,346
434,9,2000,Asteroids-v0,40.0,3240.0,778.6127167630058,0.4527156591201031,240750,343
435,9,2000,DoubleDunk-v0,-16.0,2.0,-0.7521865889212828,0.96631433290541,6750,332
436,9,2000,Bowling-v0,0.0,100.0,12.843373493975903,0.2931170013386879,351751,339
437,9,2000,Boxing-v0,-100.0,6.0,-19.772861356932154,0.975462701885672,112751,341
438,9,2000,Gravitar-v0,0.0,800.0,64.07624633431085,0.15960003258390346,241750,345
439,9,2000,Frostbite-v0,0.0,220.0,61.56521739130435,0.5580761501710118,364751,341
440,9,2000,ChopperCommand-v0,0.0,1500.0,587.683284457478,0.7170428297310012,277750,345
441,9,2000,Centipede-v0,136.0,15794.0,4718.750724637681,0.5713533775974277,204750,341
442,9,2000,BattleZone-v0,0.0,20000.0,4064.516129032258,0.39992179863147614,375751,334
443,9,2000,Gravitar-v0,0.0,800.0,49.40119760479042,0.1207584830339321,241751,339
444,9,2000,Asteroids-v0,40.0,3530.0,780.8849557522124,0.42562751077997174,200750,341
445,9,2000,ChopperCommand-v0,0.0,1500.0,554.8387096774194,0.6855769161145502,277750,339
446,9,2000,Frostbite-v0,0.0,220.0,59.76401179941003,0.5380270931357011,364750,340
447,9,2000,Bowling-v0,0.0,100.0,15.7,0.3587764705882346,351751,348
448,9,2000,Centipede-v0,136.0,15794.0,5095.936781609195,0.6060337856194863,204750,343
449,9,2000,Boxing-v0,-100.0,6.0,-22.271137026239067,0.9577074383636377,112751,341
450,9,2000,DoubleDunk-v0,-20.0,2.0,-0.8269794721407625,0.962609297453341,6750,346
451,10,2000,DoubleDunk-v0,-14.0,2.0,-0.4393063583815029,0.9735067437379615,6751,346
452,10,2000,Frostbite-v0,0.0,220.0,61.47398843930636,0.549393037044114,364750,337
453,10,2000,BattleZone-v0,0.0,20000.0,4056.379821958457,0.398140454995055,375750,338
454,10,2000,FishingDerby-v0,-92.0,4.0,-75.70118343195266,0.38140968569654504,29750,342
455,10,2000,Asteroids-v0,40.0,3530.0,808.5672514619883,0.4338227878483433,200750,343
456,10,2000,Centipede-v0,136.0,15794.0,4805.667638483965,0.5759115275130332,204751,346
457,10,2000,ChopperCommand-v0,0.0,1500.0,583.8150289017341,0.7154956112181537,277751,346
458,10,2000,Atlantis-v0,1500.0,29900.0,6233.815028901734,0.321071198191528,355751,347
459,10,2000,Boxing-v0,-100.0,6.0,-21.03170028818444,0.9589787731146865,112750,351
460,10,2000,FishingDerby-v0,-92.0,4.0,-75.86324786324786,0.3781380799127715,29751,344
461,10,2000,Boxing-v0,-100.0,6.0,-18.20639534883721,0.9829129882446873,112750,340
462,10,2000,Centipede-v0,136.0,15794.0,4520.029411764706,0.5405359004541184,204751,346
463,10,2000,BattleZone-v0,0.0,20000.0,4037.57225433526,0.4003725112395637,375750,341
464,10,2000,Frostbite-v0,0.0,220.0,63.16715542521994,0.5741229948108114,364751,342
465,10,2000,ChopperCommand-v0,0.0,1500.0,617.2514619883041,0.7501667749620963,277751,344
466,10,2000,Asteroids-v0,40.0,3660.0,755.6976744186046,0.4007404815093766,267751,343
467,10,2000,DoubleDunk-v0,-20.0,2.0,-1.0728862973760933,0.9532055246340976,6750,341
468,10,2000,Atlantis-v0,1500.0,29900.0,7382.1114369501465,0.38972391201531603,355750,342
469,10,2000,Boxing-v0,-100.0,6.0,-20.801169590643276,0.9646779554532201,112750,339
470,10,2000,Asteroids-v0,40.0,3660.0,857.905604719764,0.4522353629918129,267751,326
471,10,2000,Frostbite-v0,0.0,220.0,65.2760736196319,0.5901964429571791,364750,321
472,10,2000,DoubleDunk-v0,-18.0,2.0,-0.940809968847352,0.964984423676013,6750,327
473,10,2000,BattleZone-v0,0.0,20000.0,3470.9480122324157,0.34629969418960294,375750,332
474,10,2000,FishingDerby-v0,-92.0,4.0,-75.62349397590361,0.38241798211364003,29751,336
475,10,2000,Centipede-v0,136.0,15794.0,4786.708333333333,0.5774331342115475,204750,334
476,10,2000,Atlantis-v0,1500.0,29900.0,8184.131736526946,0.44347956866799376,355751,333
477,10,2000,ChopperCommand-v0,0.0,1500.0,578.0780780780781,0.7039810180550915,277750,328
478,10,2000,ChopperCommand-v0,0.0,1500.0,643.9024390243902,0.7669015356820232,277750,335
479,10,2000,Centipede-v0,136.0,15794.0,5158.4805970149255,0.6127933577732336,204751,336
480,10,2000,DoubleDunk-v0,-20.0,2.0,-0.7321428571428571,0.9599676417858253,6750,331
481,10,2000,Boxing-v0,-100.0,6.0,-21.725075528700906,0.9684222451428417,112751,333
482,10,2000,FishingDerby-v0,-92.0,4.0,-75.81981981981981,0.3768062043525009,29751,330
483,10,2000,Frostbite-v0,0.0,220.0,61.84848484848485,0.5621392993293819,364750,329
484,10,2000,Asteroids-v0,40.0,3660.0,770.0303951367781,0.41059710528662674,267750,323
485,10,2000,BattleZone-v0,0.0,20000.0,3529.4117647058824,0.3569590643274858,375750,324
486,10,2000,Atlantis-v0,1500.0,29900.0,7789.506172839506,0.41290389995452914,355750,325
487,10,2000,Centipede-v0,136.0,15794.0,4947.024615384616,0.5914120653805075,204750,329
488,10,2000,Asteroids-v0,40.0,4250.0,825.6231003039513,0.3888167647741554,359750,319
489,10,2000,DoubleDunk-v0,-20.0,2.0,-0.8589341692789969,0.9600939575291267,6751,328
490,10,2000,ChopperCommand-v0,0.0,1500.0,559.4512195121952,0.6894429388738327,277750,329
491,10,2000,Boxing-v0,-100.0,6.0,-21.164133738601823,0.9721163303796636,112750,329
492,10,2000,Atlantis-v0,1500.0,29900.0,9025.531914893618,0.49581442974766665,355751,337
493,10,2000,BattleZone-v0,0.0,20000.0,3813.0563798219587,0.37748763600395696,375751,322
494,10,2000,Frostbite-v0,0.0,220.0,57.11180124223603,0.5263476093515618,364751,324
495,10,2000,FishingDerby-v0,-92.0,4.0,-75.79320987654322,0.37803581294772154,29750,319
496,11,2000,DoubleDunk-v0,-18.0,2.0,-1.0125391849529781,0.9668686868686877,6751,333
497,11,2000,Centipede-v0,136.0,15794.0,4700.348348348349,0.5680300290010136,204750,331
498,11,2000,BankHeist-v0,0.0,70.0,5.075528700906345,0.15411280322803844,226750,327
499,11,2000,Frostbite-v0,0.0,220.0,65.10703363914374,0.5816968686026232,364750,328
500,11,2000,Hero-v0,0.0,3060.0,103.53658536585365,0.08232684114615067,97750,336
501,11,2000,Boxing-v0,-100.0,6.0,-20.041666666666668,0.9750678563423314,112751,331
502,11,2000,Asteroids-v0,40.0,4250.0,848.6102719033232,0.4068791703417785,359751,329
503,11,2000,Freeway-v0,0.0,15.0,7.167173252279635,0.7722796352583589,250750,331
504,11,2000,ChopperCommand-v0,0.0,1500.0,577.9456193353475,0.7081869381970082,277751,323
505,11,2000,Asteroids-v0,40.0,4250.0,857.2445820433436,0.4110782427127441,359751,324
506,11,2000,BankHeist-v0,0.0,70.0,6.882716049382716,0.19624310629601638,226750,330
507,11,2000,Centipede-v0,136.0,15794.0,4889.424242424242,0.5738521960934542,204750,324
508,11,2000,ChopperCommand-v0,0.0,1500.0,604.9382716049382,0.7341319920743784,277750,330
509,11,2000,DoubleDunk-v0,-22.0,2.0,-0.8363636363636363,0.9613916947250256,6751,327
510,11,2000,Hero-v0,0.0,3060.0,99.72477064220183,0.07915066514969855,97750,316
511,11,2000,Freeway-v0,0.0,15.0,7.186708860759493,0.7698327863728711,250751,315
512,11,2000,Frostbite-v0,0.0,220.0,65.93650793650794,0.595857565554535,364751,317
513,11,2000,Boxing-v0,-100.0,6.0,-20.337539432176655,0.9808111401974303,112751,319
514,11,2000,Hero-v0,0.0,3060.0,133.77742946708463,0.09791681815704388,97751,323
515,11,2000,BankHeist-v0,0.0,70.0,6.904024767801857,0.20988044340543244,226751,319
516,11,2000,Freeway-v0,0.0,17.0,7.476489028213166,0.7539612808673793,257751,323
517,11,2000,ChopperCommand-v0,0.0,1500.0,602.4767801857585,0.7369185490960521,277750,319
518,11,2000,Frostbite-v0,0.0,220.0,64.98432601880877,0.5878793635989414,364750,312
519,11,2000,Centipede-v0,136.0,15794.0,5066.61858974359,0.5953085004040723,204750,320
520,11,2000,Asteroids-v0,40.0,4250.0,838.96875,0.39756224889024355,359751,325
521,11,2000,Boxing-v0,-100.0,6.0,-19.836923076923078,0.9822493633102384,112750,323
522,11,2000,DoubleDunk-v0,-4.0,2.0,-0.7368421052631579,0.873600122310131,6750,317
523,11,2000,Asteroids-v0,40.0,4250.0,898.8643533123028,0.4243277345218765,359750,317
524,11,2000,Hero-v0,0.0,3060.0,108.07570977917982,0.08604876147692107,97751,320
525,11,2000,ChopperCommand-v0,0.0,1500.0,620.3125,0.7534197530864194,277750,322
526,11,2000,Boxing-v0,-100.0,6.0,-19.742236024844722,0.9761977239185593,112751,319
527,11,2000,Freeway-v0,0.0,17.0,7.1880877742946705,0.732132203794297,257751,327
528,11,2000,BankHeist-v0,0.0,70.0,6.269113149847095,0.1890060815355704,226751,329
529,11,2000,Frostbite-v0,0.0,220.0,60.66869300911854,0.5554746135016928,364750,327
530,11,2000,DoubleDunk-v0,-24.0,2.0,-0.8562691131498471,0.9562677057384177,6750,328
531,11,2000,Centipede-v0,136.0,15815.0,5016.954268292683,0.5948874022984906,364750,322
532,11,2000,Asteroids-v0,40.0,4250.0,800.3105590062112,0.38653314441353537,359750,321
533,11,2000,Boxing-v0,-100.0,6.0,-22.54517133956386,0.9492309555856966,112750,317
534,11,2000,Frostbite-v0,0.0,220.0,61.293375394321764,0.5593300368178483,364751,320
535,11,2000,DoubleDunk-v0,-24.0,2.0,-0.9125,0.9563773833004591,6751,322
536,11,2000,Freeway-v0,0.0,17.0,6.841614906832298,0.6949548787972145,257750,318
537,11,2000,ChopperCommand-v0,0.0,1500.0,627.6729559748428,0.7627424489478996,277751,324
538,11,2000,BankHeist-v0,0.0,70.0,6.9753086419753085,0.21040844321267613,226751,316
539,11,2000,Hero-v0,0.0,3060.0,135.3006329113924,0.09395401554657068,97751,322
540,11,2000,Centipede-v0,136.0,15815.0,5170.835403726708,0.6126398829662676,364750,319
541,12,2000,Gravitar-v0,0.0,800.0,76.33228840125392,0.19385667014977342,241750,320
542,12,2000,Boxing-v0,-100.0,6.0,-20.546875,0.9686889363553659,112751,326
543,12,2000,Centipede-v0,136.0,15815.0,5606.877300613497,0.6503162361925914,364750,321
544,12,2000,DoubleDunk-v0,-4.0,2.0,-0.6292834890965732,0.8833506403599841,6751,325
545,12,2000,Frostbite-v0,0.0,220.0,61.23076923076923,0.552275199547927,364750,322
546,12,2000,BattleZone-v0,0.0,20000.0,3478.2608695652175,0.35690821256038646,375750,320
547,12,2000,Freeway-v0,0.0,17.0,7.071875,0.7214821222606693,257750,323
548,12,2000,ChopperCommand-v0,0.0,1500.0,588.5448916408669,0.7243572984749455,277750,328
549,12,2000,FishingDerby-v0,-92.0,4.0,-76.79878048780488,0.3576482987052094,29751,318
550,12,2000,Freeway-v0,0.0,20.0,7.540880503144654,0.6976659678546479,393750,317
551,12,2000,Gravitar-v0,0.0,800.0,77.28706624605678,0.1988257974062389,241750,315
552,12,2000,Centipede-v0,136.0,15815.0,5105.203174603174,0.5965035154517712,364750,310
553,12,2000,BattleZone-v0,0.0,28000.0,3941.935483870968,0.3068246653500109,202750,315
554,12,2000,Frostbite-v0,0.0,220.0,62.03174603174603,0.5633011208768781,364751,313
555,12,2000,FishingDerby-v0,-92.0,4.0,-76.61341853035144,0.3619086005600918,29751,318
556,12,2000,DoubleDunk-v0,-18.0,2.0,-0.9245283018867925,0.9663731656184495,6751,314
557,12,2000,Boxing-v0,-100.0,6.0,-20.20063694267516,0.9718836708517281,112751,321
558,12,2000,ChopperCommand-v0,0.0,1500.0,617.1339563862929,0.7445744394446367,277751,312
559,12,2000,Frostbite-v0,0.0,220.0,62.78846153846154,0.5726966636057544,364750,311
560,12,2000,Gravitar-v0,0.0,800.0,62.21864951768489,0.15914165773490518,241750,318
561,12,2000,DoubleDunk-v0,-16.0,2.0,-0.7672955974842768,0.9677079828489061,6750,315
562,12,2000,BattleZone-v0,0.0,28000.0,3949.2063492063494,0.3057121261202891,202751,323
563,12,2000,ChopperCommand-v0,0.0,1500.0,601.2383900928793,0.7232687382945374,277751,316
564,12,2000,Centipede-v0,136.0,15815.0,4730.21835443038,0.5588564835911093,364750,321
565,12,2000,Boxing-v0,-100.0,6.0,-21.292834890965732,0.9623884855100948,112751,327
566,12,2000,FishingDerby-v0,-92.0,4.0,-75.47094801223241,0.3892068514743081,29750,317
567,12,2000,Freeway-v0,0.0,20.0,7.3627760252365935,0.6890711531721007,393750,318
568,12,2000,Frostbite-v0,0.0,220.0,63.742138364779876,0.5771147726550812,364750,323
569,12,2000,FishingDerby-v0,-92.0,4.0,-75.60990712074303,0.38567705347246123,29751,325
570,12,2000,DoubleDunk-v0,-10.0,2.0,-0.7261538461538461,0.9824881291547907,6751,325
571,12,2000,ChopperCommand-v0,0.0,1500.0,563.3846153846154,0.6926951566951564,277751,323
572,12,2000,Freeway-v0,0.0,20.0,7.43343653250774,0.6943653250774003,393751,329
573,12,2000,BattleZone-v0,0.0,28000.0,3671.7325227963524,0.29020807917898633,202751,321
574,12,2000,Centipede-v0,136.0,15815.0,5143.5669781931465,0.598620897995215,364750,318
575,12,2000,Gravitar-v0,0.0,800.0,70.28301886792453,0.1793544723969251,241751,322
576,12,2000,Boxing-v0,-100.0,6.0,-21.29813664596273,0.9504370871405405,112750,312
577,12,2000,BattleZone-v0,0.0,28000.0,4160.25641025641,0.3203965346822489,202751,312
578,12,2000,Gravitar-v0,0.0,800.0,79.8076923076923,0.20143340455840444,241751,313
579,12,2000,Centipede-v0,136.0,15815.0,5182.610223642173,0.6093202659351925,364751,307
580,12,2000,Freeway-v0,0.0,20.0,7.153094462540716,0.6618313427433956,393751,313
581,12,2000,DoubleDunk-v0,-18.0,2.0,-0.7891373801916933,0.9662619808306718,6751,316
582,12,2000,Boxing-v0,-100.0,6.0,-20.563291139240505,0.961492570344768,112751,314
583,12,2000,FishingDerby-v0,-92.0,4.0,-76.3312101910828,0.3666216973342772,29751,316
584,12,2000,Frostbite-v0,0.0,220.0,61.99367088607595,0.5660517720356615,364750,316
585,12,2000,ChopperCommand-v0,0.0,1500.0,613.9240506329114,0.7388654477262075,277750,308
586,13,2000,Centipede-v0,136.0,15815.0,5016.464285714285,0.5951300378066847,364750,306
587,13,2000,Boxing-v0,-94.0,6.0,-18.143790849673202,0.985458242556283,112751,309
588,13,2000,Frostbite-v0,0.0,220.0,64.11003236245955,0.5867441701510541,364751,307
589,13,2000,ChopperCommand-v0,0.0,1500.0,634.8534201954398,0.7578879639683115,277751,315
590,13,2000,BankHeist-v0,0.0,70.0,6.634920634920635,0.20196523053665913,226751,307
591,13,2000,BattleZone-v0,0.0,28000.0,4114.00651465798,0.3187233633953037,202750,312
592,13,2000,Alien-v0,0.0,860.0,167.27564102564102,0.4407664726756127,260751,311
593,13,2000,Freeway-v0,0.0,20.0,7.543408360128617,0.6970775276884612,393751,313
594,13,2000,DoubleDunk-v0,-4.0,2.0,-0.6773162939297125,0.8797380980554554,6751,314
595,13,2000,Frostbite-v0,0.0,220.0,60.095541401273884,0.5489287782281409,364751,312
596,13,2000,DoubleDunk-v0,-20.0,2.0,-0.6538461538461539,0.9579713216076877,6750,305
597,13,2000,ChopperCommand-v0,0.0,1500.0,604.5901639344262,0.7285197328476011,277751,309
598,13,2000,Alien-v0,0.0,860.0,164.95145631067962,0.4346203833515265,260751,307
599,13,2000,BattleZone-v0,0.0,28000.0,4065.14657980456,0.31112292908477146,202750,309
600,13,2000,Freeway-v0,0.0,20.0,7.11326860841424,0.6656598345918747,393751,308
601,13,5000,BankHeist-v0,0.0,70.0,6.525974025974026,0.19878081102570896,226751,309
602,13,5000,Boxing-v0,-100.0,6.0,-24.12297734627832,0.9699812937533553,112750,312
603,13,5000,Centipede-v0,136.0,16853.0,5094.657051282052,0.5644976656447399,272750,309
604,13,5000,Centipede-v0,136.0,25668.0,6328.831715210356,0.5142361813885037,322751,312
605,13,5000,ChopperCommand-v0,0.0,1500.0,597.4358974358975,0.7234694523583418,277750,313
606,13,5000,BattleZone-v0,0.0,28000.0,4223.642172523962,0.3243572189259088,202750,308
607,13,5000,DoubleDunk-v0,-20.0,2.0,-0.9090909090909091,0.9604426794509465,6750,308
608,13,5000,Freeway-v0,0.0,22.0,8.275974025974026,0.6516165193851142,321751,306
609,13,5000,Alien-v0,0.0,860.0,166.79738562091504,0.4398067141044269,260751,309
610,13,5000,BankHeist-v0,0.0,70.0,5.598705501618123,0.17324556575596797,226750,307
611,13,5000,Boxing-v0,-100.0,6.0,-26.482084690553744,0.9420152663218507,112750,303
612,13,5000,Frostbite-v0,0.0,220.0,61.74917491749175,0.5620198383474708,364750,302
613,13,5000,Alien-v0,0.0,860.0,161.72185430463577,0.42552524264851355,260750,310
614,13,5000,Centipede-v0,136.0,25668.0,4862.509677419355,0.39789504948762666,322751,303
615,13,5000,Frostbite-v0,0.0,220.0,63.26732673267327,0.574360466349665,364751,309
616,13,5000,ChopperCommand-v0,0.0,1500.0,577.3462783171522,0.6971497063406442,277750,302
617,13,5000,Freeway-v0,0.0,22.0,8.910596026490067,0.6993474783962436,321750,306
618,13,5000,DoubleDunk-v0,-20.0,2.0,-0.954248366013072,0.9627348949987126,6751,315
619,13,5000,BattleZone-v0,0.0,28000.0,3828.5714285714284,0.296598639455782,202750,316
620,13,5000,Boxing-v0,-100.0,6.0,-24.917721518987342,0.9725029904381072,112750,320
621,13,5000,BankHeist-v0,0.0,70.0,6.46875,0.19030612244897957,226750,317
622,13,5000,ChopperCommand-v0,0.0,1500.0,635.6466876971609,0.7660583401487714,277750,307
623,13,5000,BattleZone-v0,0.0,28000.0,4214.983713355049,0.32212841705629025,202751,312
624,13,5000,Boxing-v0,-100.0,6.0,-22.733974358974358,0.9798967299857271,112751,311
625,13,5000,Centipede-v0,136.0,25668.0,4551.08038585209,0.3797918884538664,322751,311
626,13,5000,DoubleDunk-v0,-22.0,2.0,-1.1639871382636655,0.9519272756143041,6751,315
627,13,5000,BankHeist-v0,0.0,70.0,6.444444444444445,0.19194471439369404,226751,311
628,13,5000,Alien-v0,0.0,860.0,166.7524115755627,0.436904859206651,260750,308
629,13,5000,Frostbite-v0,0.0,220.0,64.25324675324676,0.5857631808045027,364750,304
630,13,5000,Freeway-v0,0.0,23.0,9.266447368421053,0.7067898163809008,322751,311
631,14,5000,Freeway-v0,0.0,25.0,10.466237942122186,0.751312897463379,367750,309
632,14,5000,Hero-v0,0.0,3115.0,134.3042071197411,0.10070387847609173,231750,308
633,14,5000,Boxing-v0,-100.0,6.0,-23.62012987012987,0.9734850411247684,112750,303
634,14,5000,BattleZone-v0,0.0,28000.0,4102.3102310231025,0.3157764756067442,202750,293
635,14,5000,ChopperCommand-v0,0.0,1500.0,623.5494880546075,0.746990266717229,277751,305
636,14,5000,Centipede-v0,136.0,25668.0,4685.259016393443,0.38456970808432756,322750,299
637,14,5000,Frostbite-v0,0.0,220.0,58.82943143812709,0.5388024360356372,364751,299
638,14,5000,Gravitar-v0,0.0,800.0,50.668896321070235,0.12836770717205492,241751,301
639,14,5000,DoubleDunk-v0,-24.0,2.0,-1.2890365448504983,0.9463611324076444,6751,301
640,14,5000,Hero-v0,0.0,3135.0,149.75083056478405,0.09744365003716254,107751,299
641,14,5000,BattleZone-v0,0.0,28000.0,3943.14381270903,0.29878127393655335,202750,300
642,14,5000,Freeway-v0,0.0,25.0,9.27,0.6788788148148147,367751,295
643,14,5000,Boxing-v0,-100.0,6.0,-24.674576271186442,0.9630921325655546,112751,302
644,14,5000,ChopperCommand-v0,0.0,1500.0,634.4370860927153,0.7562684980786522,277751,301
645,14,5000,Frostbite-v0,0.0,220.0,65.71428571428571,0.5818865184615711,364750,299
646,14,5000,DoubleDunk-v0,-22.0,2.0,-1.0769230769230769,0.951732111152398,6750,306
647,14,5000,Centipede-v0,136.0,25668.0,5248.973856209151,0.42872767193497213,322751,304
648,14,5000,Gravitar-v0,0.0,800.0,53.28947368421053,0.13783808479532156,241751,301
649,14,5000,BattleZone-v0,0.0,28000.0,3428.5714285714284,0.2668203494022191,202750,307
650,14,5000,Gravitar-v0,0.0,800.0,57.98045602605863,0.14906804198335136,241750,301
651,14,5000,Boxing-v0,-100.0,6.0,-24.707641196013288,0.9761063059845195,112750,303
652,14,5000,Frostbite-v0,0.0,220.0,62.37623762376238,0.5586982940718314,364750,300
653,14,5000,Centipede-v0,136.0,25668.0,5355.123333333333,0.43381512204830414,322751,304
654,14,5000,Hero-v0,0.0,3135.0,133.02631578947367,0.09266258881230606,107750,298
655,14,5000,Freeway-v0,0.0,25.0,9.53020134228188,0.6957434750186422,367750,295
656,14,5000,ChopperCommand-v0,0.0,1500.0,642.3728813559322,0.7678526888470386,277751,299
657,14,5000,DoubleDunk-v0,-24.0,2.0,-0.9297658862876255,0.9496480708212136,6751,297
658,14,5000,Gravitar-v0,0.0,800.0,64.47811447811448,0.16341657313879523,241750,294
659,14,5000,Freeway-v0,0.0,25.0,9.894557823129253,0.7216810279667418,367750,301
660,14,5000,BattleZone-v0,0.0,28000.0,4019.9335548172758,0.3121266225205472,202751,301
661,14,5000,ChopperCommand-v0,0.0,1500.0,636.8770764119602,0.7601328903654488,277751,299
662,14,5000,Centipede-v0,136.0,25668.0,5249.04347826087,0.4228975595426663,322751,304
663,14,5000,Hero-v0,0.0,3135.0,145.3125,0.1058585088039866,107750,309
664,14,5000,DoubleDunk-v0,-24.0,2.0,-1.1521035598705502,0.9444646576834781,6751,304
665,14,5000,Frostbite-v0,0.0,220.0,62.26973684210526,0.563336716446764,364751,298
666,14,5000,Boxing-v0,-100.0,6.0,-25.63422818791946,0.9536556753101827,112750,298
667,14,5000,DoubleDunk-v0,-22.0,2.0,-1.0671140939597314,0.9485044328444753,6751,293
668,14,5000,Gravitar-v0,0.0,800.0,68.77133105802048,0.17816173682214623,241750,291
669,14,5000,BattleZone-v0,0.0,28000.0,3955.3264604810997,0.3074315636907683,202750,283
670,14,5000,Boxing-v0,-100.0,6.0,-22.20141342756184,0.9852765865732757,112750,278
671,14,5000,Freeway-v0,0.0,25.0,9.26978417266187,0.6745681854516385,367750,288
672,14,5000,Hero-v0,0.0,3135.0,134.53125,0.09918761469588323,107751,289
673,14,5000,Frostbite-v0,0.0,220.0,61.4878892733564,0.5545737335608366,364750,286
674,14,5000,ChopperCommand-v0,0.0,1500.0,632.5174825174826,0.7562393162393163,277750,285
675,14,5000,Centipede-v0,136.0,25668.0,4937.2807017543855,0.406640742060472,322750,289
676,15,5000,Alien-v0,0.0,860.0,162.07612456747404,0.42704713355453233,260750,291
677,15,5000,Boxing-v0,-100.0,6.0,-25.66323024054983,0.9537466913133483,112750,292
678,15,5000,ChopperCommand-v0,0.0,1600.0,664.7260273972603,0.7575865677321142,331751,289
679,15,5000,Frostbite-v0,0.0,220.0,64.70588235294117,0.5843143609736878,364751,303
680,15,5000,Freeway-v0,0.0,25.0,9.706270627062706,0.7031738907224053,367750,301
681,15,5000,DoubleDunk-v0,-24.0,2.0,-0.9700996677740864,0.9478289549845906,6750,299
682,15,5000,Centipede-v0,136.0,25668.0,5151.963210702341,0.42320000999559865,322751,289
683,15,5000,Asteroids-v0,90.0,4250.0,725.6747404844291,0.32585644261765495,359750,294
684,15,5000,FishingDerby-v0,-99.0,4.0,-96.78231292517007,0.0359323545297718,29751,290
685,15,5000,Alien-v0,0.0,860.0,155.51724137931035,0.4101461077645786,260751,287
686,15,5000,Freeway-v0,0.0,25.0,10.121951219512194,0.737499032133178,367750,289
687,15,5000,Boxing-v0,-100.0,6.0,-23.169550173010382,0.9677325135374568,112751,295
688,15,5000,Asteroids-v0,110.0,4250.0,888.3050847457627,0.39313521546494995,359751,293
689,15,5000,Centipede-v0,136.0,25668.0,5397.675767918089,0.4406228046948532,322751,290
690,15,5000,Frostbite-v0,0.0,220.0,59.6551724137931,0.5437953199708682,364751,288
691,15,5000,ChopperCommand-v0,0.0,1600.0,558.3333333333334,0.6510416666666656,331751,291
692,15,5000,DoubleDunk-v0,-24.0,2.0,-1.1958762886597938,0.9464202200126085,6750,295
693,15,5000,FishingDerby-v0,-99.0,4.0,-96.65762711864407,0.039128203516930034,29750,299
694,15,5000,Frostbite-v0,0.0,220.0,62.608695652173914,0.5571801935438296,364751,294
695,15,5000,ChopperCommand-v0,0.0,1600.0,598.2993197278912,0.6922477324263022,331751,298
696,15,5000,Centipede-v0,136.0,25668.0,5157.9496644295305,0.4200570608390841,322751,298
697,15,5000,DoubleDunk-v0,-22.0,2.0,-1.0738255033557047,0.9513629961057224,6751,297
698,15,5000,Asteroids-v0,110.0,4250.0,888.3838383838383,0.3942449327250222,359751,301
699,15,5000,FishingDerby-v0,-99.0,4.0,-96.8172757475083,0.03577007076010772,29750,299
700,15,5000,Freeway-v0,0.0,25.0,8.658862876254181,0.6354098848011891,367751,298
701,15,5000,Boxing-v0,-100.0,6.0,-22.389261744966444,0.9861962282203052,112750,296
702,15,5000,Alien-v0,0.0,860.0,169.1216216216216,0.44451590584635475,260751,288
703,15,5000,Freeway-v0,0.0,25.0,9.805555555555555,0.7176296296296294,367750,292
704,15,5000,FishingDerby-v0,-99.0,4.0,-96.84931506849315,0.03406659260760909,29750,289
705,15,5000,Frostbite-v0,0.0,220.0,63.28719723183391,0.5727485614242452,364750,294
706,15,5000,Alien-v0,0.0,860.0,169.69387755102042,0.4467680227550432,260750,283
707,15,5000,Boxing-v0,-100.0,6.0,-23.07773851590106,0.9790897310694213,112750,293
708,15,5000,ChopperCommand-v0,0.0,1600.0,605.4607508532423,0.7093761850587781,331750,285
709,15,5000,DoubleDunk-v0,-24.0,2.0,-0.7649122807017544,0.9513039666885844,6750,296
710,15,5000,Centipede-v0,136.0,25668.0,5143.3378378378375,0.41966547700161627,322750,288
711,15,5000,Asteroids-v0,80.0,4250.0,941.1805555555555,0.4286886504651859,359750,292
712,15,5000,Centipede-v0,136.0,25668.0,5683.9006849315065,0.4613138300296106,322751,295
713,15,5000,ChopperCommand-v0,0.0,1800.0,599.3220338983051,0.6433331008346705,279750,293
714,15,5000,Boxing-v0,-100.0,6.0,-23.532423208191126,0.9778839428442047,112751,288
715,15,5000,FishingDerby-v0,-99.0,4.0,-96.71180555555556,0.03742716701053961,29751,295
716,15,5000,Alien-v0,0.0,860.0,171.52542372881356,0.4494808106178434,260750,293
717,15,5000,Freeway-v0,0.0,25.0,10.211604095563139,0.7459240045506254,367750,294
718,15,5000,Frostbite-v0,0.0,220.0,63.265306122448976,0.5838471293016744,364751,301
719,15,5000,DoubleDunk-v0,-24.0,2.0,-1.0099667774086378,0.9429012649048437,6751,291
720,15,5000,Asteroids-v0,90.0,4250.0,921.340206185567,0.411894276238051,359750,287
721,16,5000,Alien-v0,0.0,860.0,166.7595818815331,0.43803820252526915,260751,291
722,16,5000,ChopperCommand-v0,0.0,1800.0,632.9896907216495,0.681100599135473,279750,287
723,16,5000,DoubleDunk-v0,-22.0,2.0,-1.038327526132404,0.9510044306792239,6751,290
724,16,5000,Frostbite-v0,0.0,220.0,62.55172413793103,0.5688736898768245,364750,290
725,16,5000,BattleZone-v0,0.0,28000.0,3710.344827586207,0.2846665102822737,202751,285
726,16,5000,Freeway-v0,0.0,25.0,9.007017543859648,0.6537780896686158,367750,295
727,16,5000,FishingDerby-v0,-99.0,4.0,-96.7864406779661,0.03607383774462892,29750,290
728,16,5000,Hero-v0,0.0,3135.0,124.96551724137932,0.09602376235408279,107751,289
729,16,5000,Boxing-v0,-100.0,6.0,-23.8719723183391,0.9790751948103306,112750,287
730,16,5000,Frostbite-v0,0.0,220.0,68.81533101045297,0.6102200337233594,364750,281
731,16,5000,FishingDerby-v0,-99.0,4.0,-96.61921708185054,0.039345272657886746,29751,284
732,16,5000,Boxing-v0,-100.0,6.0,-22.721830985915492,0.984356676031823,112751,285
733,16,5000,Alien-v0,0.0,860.0,167.05263157894737,0.4393730555581913,260751,284
734,16,5000,ChopperCommand-v0,0.0,1800.0,633.4507042253521,0.6765973067485854,279750,281
735,16,5000,BattleZone-v0,0.0,28000.0,4170.8185053380785,0.3202201402506435,202750,283
736,16,5000,Freeway-v0,0.0,26.0,9.773851590106007,0.6949863280387892,295750,287
737,16,5000,Hero-v0,0.0,3135.0,125.90592334494774,0.09798849351459463,107751,287
738,16,5000,DoubleDunk-v0,-22.0,2.0,-1.0662020905923344,0.9516926915300865,6750,290
739,16,5000,Alien-v0,0.0,860.0,164.82758620689654,0.433147046451536,260750,287
740,16,5000,FishingDerby-v0,-99.0,4.0,-96.78745644599303,0.03552334891809658,29750,279
741,16,5000,Frostbite-v0,0.0,220.0,68.49462365591398,0.6026508157495444,364750,285
742,16,5000,Hero-v0,0.0,3135.0,125.35087719298245,0.09158314213355088,107750,284
743,16,5000,ChopperCommand-v0,0.0,1800.0,614.0845070422536,0.6641163855561358,279751,286
744,16,5000,DoubleDunk-v0,-22.0,2.0,-0.7062937062937062,0.9561857895191201,6751,291
745,16,5000,Boxing-v0,-100.0,6.0,-24.257731958762886,0.9721145323131554,112751,285
746,16,5000,BattleZone-v0,0.0,28000.0,4094.7368421052633,0.31625890122130695,202751,285
747,16,5000,Freeway-v0,0.0,26.0,9.670175438596491,0.6795898358651401,295751,281
748,16,5000,Hero-v0,0.0,3135.0,147.27758007117438,0.10437706515050205,107751,284
749,16,5000,ChopperCommand-v0,0.0,1800.0,633.0985915492957,0.6841322282115192,279750,277
750,16,5000,Boxing-v0,-100.0,6.0,-23.87725631768953,0.968276142940353,112751,283
751,16,5000,BattleZone-v0,0.0,28000.0,3925.7950530035337,0.30625065102601684,202750,284
752,16,5000,Alien-v0,0.0,860.0,167.18309859154928,0.43493628074558793,260751,282
753,16,5000,Frostbite-v0,0.0,220.0,64.32624113475177,0.5776657614181788,364750,276
754,16,5000,Freeway-v0,0.0,26.0,9.568840579710145,0.6772622893024239,295750,283
755,16,5000,FishingDerby-v0,-99.0,4.0,-96.69964664310955,0.037432345058345626,29750,280
756,16,5000,DoubleDunk-v0,-24.0,2.0,-1.3678571428571429,0.9383488306565253,6751,277
757,16,5000,DoubleDunk-v0,-24.0,2.0,-0.6859205776173285,0.9466126455851555,6751,286
758,16,5000,Hero-v0,0.0,3135.0,129.28321678321677,0.09485571662872262,107751,288
759,16,5000,Frostbite-v0,0.0,220.0,68.92361111111111,0.6024895418834814,364751,280
760,16,5000,BattleZone-v0,0.0,28000.0,4071.4285714285716,0.3142371234207969,202750,286
761,16,5000,Freeway-v0,0.0,26.0,10.36013986013986,0.7318335839045912,295750,284
762,16,5000,ChopperCommand-v0,0.0,1800.0,654.2253521126761,0.7012500241503893,279751,285
763,16,5000,FishingDerby-v0,-99.0,4.0,-96.65964912280701,0.03845850106671354,29750,286
764,16,5000,Alien-v0,0.0,860.0,164.16083916083917,0.43164599357135897,260750,282
765,16,5000,Boxing-v0,-100.0,6.0,-23.102836879432623,0.9788552555797648,112751,285
766,17,5000,DoubleDunk-v0,-24.0,2.0,-0.9754385964912281,0.9453614311913926,6751,285
767,17,5000,Freeway-v0,0.0,26.0,9.385964912280702,0.6594368893964045,295751,284
768,17,5000,ChopperCommand-v0,0.0,1800.0,644.7183098591549,0.6909716184624897,279750,290
769,17,5000,Frostbite-v0,0.0,220.0,69.27586206896552,0.6059339476267376,364751,288
770,17,5000,BankHeist-v0,0.0,70.0,6.736111111111111,0.2039556563366087,226751,280
771,17,5000,Atlantis-v0,1500.0,34500.0,8256.42857142857,0.38134301164604223,270751,276
772,17,5000,Alien-v0,0.0,860.0,166.55797101449275,0.4381425656380395,260750,282
773,17,5000,Boxing-v0,-100.0,6.0,-24.386524822695037,0.9679357216377271,112751,286
774,17,5000,Bowling-v0,0.0,100.0,25.066433566433567,0.5307195027195012,351750,283
775,17,5000,Atlantis-v0,1500.0,34500.0,9657.950530035336,0.4740953021668301,270750,281
776,17,5000,DoubleDunk-v0,-24.0,2.0,-1.1530249110320285,0.9517244929235097,6751,277
777,17,5000,Frostbite-v0,0.0,220.0,61.26353790613718,0.5519189267138065,364750,280
778,17,5000,BankHeist-v0,0.0,70.0,6.071428571428571,0.18023971493359245,226750,281
779,17,5000,Freeway-v0,0.0,26.0,9.459074733096086,0.6750381959798887,295750,278
780,17,5000,Alien-v0,0.0,860.0,166.0071942446043,0.4373855161409004,260750,279
781,17,5000,ChopperCommand-v0,0.0,1800.0,638.3512544802867,0.6886047071896008,279751,283
782,17,5000,Bowling-v0,0.0,105.0,25.957597173144876,0.5252255510239704,261751,281
783,17,5000,Boxing-v0,-100.0,6.0,-24.434163701067614,0.9710346101280669,112750,284
784,17,5000,Bowling-v0,0.0,105.0,25.39788732394366,0.5177787004212232,261750,276
785,17,5000,BankHeist-v0,0.0,70.0,7.826086956521739,0.23214696506621976,226751,280
786,17,5000,Frostbite-v0,0.0,220.0,59.25,0.545165945165945,364751,283
787,17,5000,Alien-v0,0.0,860.0,167.4911660777385,0.44061465965006646,260750,282
788,17,5000,Atlantis-v0,1500.0,38600.0,9645.390070921985,0.42225094096358934,247750,283
789,17,5000,ChopperCommand-v0,0.0,1800.0,618.3745583038869,0.6654936575104089,279750,282
790,17,5000,Boxing-v0,-100.0,6.0,-23.45035460992908,0.9730897057499232,112751,281
791,17,5000,DoubleDunk-v0,-24.0,2.0,-1.3167259786476868,0.9402879263268012,6751,276
792,17,5000,Freeway-v0,0.0,26.0,9.358695652173912,0.6666285529161794,295750,285
793,17,5000,ChopperCommand-v0,0.0,1800.0,636.8421052631579,0.6861598440545813,279751,282
794,17,5000,Frostbite-v0,0.0,220.0,64.04255319148936,0.5816775101107786,364751,277
795,17,5000,Bowling-v0,0.0,106.0,25.209386281588447,0.4968226448794969,14750,276
796,17,5000,Atlantis-v0,1500.0,38600.0,9444.927536231884,0.41163632512645987,247751,283
797,17,5000,Boxing-v0,-100.0,6.0,-23.469964664310954,0.9775500057795593,112751,288
798,17,5000,DoubleDunk-v0,-22.0,2.0,-0.7361111111111112,0.9589334705075413,6751,285
799,17,5000,Freeway-v0,0.0,26.0,9.785964912280702,0.6975281728318173,295751,282
800,17,5000,BankHeist-v0,0.0,70.0,8.546099290780141,0.2510734790370051,226750,277
801,17,10000,Alien-v0,0.0,860.0,167.07581227436822,0.4390617146072826,260750,278
802,17,10000,Boxing-v0,-100.0,6.0,-23.22661870503597,0.9783865324970343,112751,279
803,17,10000,Alien-v0,0.0,860.0,167.38351254480287,0.4389951923812137,260750,282
804,17,10000,Bowling-v0,0.0,106.0,25.886524822695037,0.5241017207719975,14751,281
805,17,10000,ChopperCommand-v0,0.0,1900.0,643.0604982206406,0.6628133047233815,280750,286
806,17,10000,DoubleDunk-v0,-24.0,2.0,-0.986013986013986,0.9492282865063949,6751,281
807,17,10000,Frostbite-v0,0.0,220.0,62.52669039145908,0.5687152992232252,364751,282
808,17,10000,Atlantis-v0,1500.0,38600.0,8483.687943262412,0.3702357251489923,247750,272
809,17,10000,Freeway-v0,0.0,26.0,9.511029411764707,0.6839733921181892,295751,274
810,17,10000,BankHeist-v0,0.0,70.0,7.007299270072993,0.21609811807934853,226751,272
811,18,10000,Boxing-v0,-100.0,6.0,-25.102941176470587,0.9606167849838393,112750,272
812,18,10000,FishingDerby-v0,-99.0,4.0,-96.81985294117646,0.03419805726670597,29750,273
813,18,10000,BankHeist-v0,0.0,70.0,9.304029304029305,0.2840032227787334,226750,274
814,18,10000,Hero-v0,0.0,3135.0,137.02554744525548,0.09995700331412867,107751,266
815,18,10000,DoubleDunk-v0,-22.0,2.0,-0.6691729323308271,0.9574398960363832,6750,268
816,18,10000,Frostbite-v0,0.0,220.0,62.08955223880597,0.5710291517618518,364751,277
817,18,10000,ChopperCommand-v0,0.0,2300.0,583.3935018050541,0.5267103276698388,280751,274
818,18,10000,Freeway-v0,0.0,27.0,9.64963503649635,0.6710922872047498,280750,276
819,18,10000,Bowling-v0,0.0,106.0,24.829710144927535,0.5022790214797276,14750,278
820,18,10000,Boxing-v0,-100.0,6.0,-23.75179856115108,0.9773916715684042,112751,276
821,18,10000,Bowling-v0,0.0,116.0,26.032608695652176,0.4867197627240038,14751,272
822,18,10000,BankHeist-v0,0.0,70.0,8.566176470588236,0.25283446712018154,226751,268
823,18,10000,FishingDerby-v0,-99.0,4.0,-96.8544776119403,0.03293708352071921,29751,277
824,18,10000,Frostbite-v0,0.0,220.0,61.04693140794224,0.5540670903322686,364751,279
825,18,10000,Freeway-v0,0.0,27.0,9.347670250896057,0.6527547651786183,280751,271
826,18,10000,Hero-v0,0.0,3135.0,146.36531365313652,0.10330480946753995,107750,274
827,18,10000,DoubleDunk-v0,-24.0,2.0,-0.8832116788321168,0.9534065659837722,6750,268
