tpgGen,envGen,gamesPlayed,frames,envName,tpgMin,tpgMax,tpgAvg,envFit,championSize,popsize,totalTeams,totalRootTeams,champUid
0,1,1,500,ChopperCommand-v0,0.0,900.0,200.53333333333333,0.4254375857338805,6,750,750,200
0,1,2,500,Frostbite-v0,0.0,160.0,17.333333333333332,0.19135185185185136,6,750,750,460
0,1,3,500,Hero-v0,0.0,2720.0,3.9266666666666667,0.0014738962578495452,6,750,750,459
0,1,4,500,FishingDerby-v0,-24.0,-6.0,-18.512,0.6159304983996304,6,750,750,6
0,1,5,500,Bowling-v0,0.0,3.0,0.15733333333333333,0.0471440329218107,6,750,750,51
0,1,6,500,Centipede-v0,0.0,4033.0,653.944,0.3261024981696601,6,750,750,487
0,1,7,500,Atlantis-v0,700.0,6500.0,1582.8,0.35484106222750733,6,750,750,7
0,1,8,500,DoubleDunk-v0,-6.0,2.0,-0.9066666666666666,0.9428148148148209,6,750,750,590
0,1,9,500,Gravitar-v0,0.0,500.0,8.466666666666667,0.02929777777777778,6,750,750,736
0,1,10,500,BankHeist-v0,0.0,40.0,1.1066666666666667,0.052592592592592635,6,750,750,383
0,1,11,500,Alien-v0,0.0,240.0,63.86666666666667,0.48611522633744886,6,750,750,125
0,1,12,500,Freeway-v0,0.0,6.0,0.17866666666666667,0.04332510288065846,6,750,750,682
0,1,13,500,BattleZone-v0,0.0,5000.0,273.3333333333333,0.10965333333333342,6,750,750,111
0,1,14,500,Asteroids-v0,0.0,910.0,132.28,0.32137868480725523,6,750,750,109
0,1,15,500,Boxing-v0,-64.0,2.0,-13.373333333333333,0.9509190218685182,6,750,750,210
1,1,16,500,FishingDerby-v0,-24.0,-6.0,-18.32686567164179,0.6265626599512694,6,751,670,6
1,1,17,500,Centipede-v0,0.0,4033.0,689.4805970149254,0.34193704363362887,6,751,670,487
1,1,18,500,Hero-v0,0.0,2720.0,4.1716417910447765,0.0014344278463507146,6,751,670,459
1,1,19,500,ChopperCommand-v0,0.0,900.0,205.67164179104478,0.438793685891529,6,751,670,200
1,1,20,500,Frostbite-v0,0.0,160.0,16.388059701492537,0.1805555555555551,6,751,670,460
1,1,21,500,Boxing-v0,-63.0,2.0,-9.676119402985075,0.9740492017231416,6,751,670,210
1,1,22,500,BattleZone-v0,0.0,5000.0,325.3731343283582,0.12916749585406315,6,751,670,111
1,1,23,500,Bowling-v0,0.0,3.0,0.26119402985074625,0.07798046803021919,6,751,670,51
1,1,24,500,Alien-v0,0.0,240.0,63.865671641791046,0.48108992076653767,6,751,670,125
1,1,25,500,Asteroids-v0,0.0,980.0,130.34328358208955,0.29746035890241895,6,751,670,1044
1,1,26,500,Atlantis-v0,900.0,6500.0,1558.2089552238806,0.28134159136291065,6,751,670,7
1,1,27,500,Gravitar-v0,0.0,500.0,9.253731343283581,0.030938640132669993,6,751,670,736
1,1,28,500,Freeway-v0,0.0,6.0,0.3074626865671642,0.07429519071310112,6,751,670,682
1,1,29,500,DoubleDunk-v0,-6.0,2.0,-0.5447761194029851,0.9644693200663399,6,751,670,590
1,1,30,500,BankHeist-v0,0.0,40.0,0.8955223880597015,0.04212271973466007,6,751,670,383
2,1,31,500,Hero-v0,0.0,2720.0,4.352,0.001422222222222222,6,750,625,459
2,1,32,500,Freeway-v0,0.0,6.0,0.432,0.10350617283950606,6,750,625,682
2,1,33,500,BankHeist-v0,0.0,40.0,1.12,0.051200000000000044,6,750,625,383
2,1,34,500,FishingDerby-v0,-24.0,-6.0,-18.216,0.6268488340192022,6,750,625,6
2,1,35,500,Centipede-v0,0.0,4033.0,725.3504,0.3580885433444467,6,750,625,487
2,1,36,500,Gravitar-v0,0.0,500.0,11.52,0.03908266666666668,6,750,625,736
2,1,37,500,ChopperCommand-v0,0.0,900.0,205.28,0.4390803840877898,6,750,625,200
2,1,38,500,DoubleDunk-v0,-6.0,2.0,-0.5696,0.964088888888894,6,750,625,590
2,1,39,500,Alien-v0,0.0,240.0,57.28,0.430775308641974,6,750,625,125
2,1,40,500,Bowling-v0,0.0,3.0,0.3984,0.11804444444444423,6,750,625,51
2,1,41,500,Frostbite-v0,0.0,160.0,15.888,0.1753222222222218,6,750,625,460
2,1,42,500,Asteroids-v0,0.0,980.0,131.872,0.2983278448794476,6,750,625,1044
2,1,43,500,Atlantis-v0,900.0,6500.0,1546.08,0.27772335600906756,6,750,625,7
2,1,44,500,BattleZone-v0,0.0,5000.0,249.6,0.09147733333333345,6,750,625,111
2,1,45,500,Boxing-v0,-64.0,2.0,-9.5696,0.9644638710335687,6,750,625,210
3,1,46,500,Boxing-v0,-62.0,2.0,-9.1,0.9685532407407385,6,751,600,210
3,1,47,500,Frostbite-v0,0.0,160.0,14.05,0.15468749999999967,6,751,600,460
3,1,48,500,Asteroids-v0,0.0,980.0,134.73333333333332,0.3041387076372493,6,751,600,1044
3,1,49,500,FishingDerby-v0,-24.0,-6.0,-18.07,0.6302880658436198,6,751,600,6
3,1,50,500,Gravitar-v0,0.0,500.0,7.416666666666667,0.025303703703703703,6,751,600,736
3,1,51,500,Bowling-v0,0.0,13.0,0.69,0.1157659434582512,6,751,600,1158
3,1,52,500,BattleZone-v0,0.0,6000.0,261.6666666666667,0.07703703703703711,11,751,600,1695
3,1,53,500,Centipede-v0,0.0,4033.0,749.7383333333333,0.3686394947553693,6,751,600,487
3,1,54,500,Atlantis-v0,900.0,6500.0,1532.3333333333333,0.2740835222978053,6,751,600,7
3,1,55,500,Hero-v0,0.0,2720.0,9.066666666666666,0.002962962962962963,6,751,600,459
3,1,56,500,Freeway-v0,0.0,6.0,0.7033333333333334,0.1706995884773663,6,751,600,682
3,1,57,500,DoubleDunk-v0,-4.0,2.0,-0.68,0.8796707818929969,6,751,600,590
3,1,58,500,Alien-v0,0.0,240.0,54.15,0.4100771604938256,6,751,600,125
3,1,59,500,ChopperCommand-v0,0.0,900.0,215.33333333333334,0.4587837219935967,6,751,600,200
3,1,60,500,BankHeist-v0,0.0,40.0,1.0333333333333334,0.0466666666666667,6,751,600,383
4,1,61,500,Atlantis-v0,300.0,6500.0,1513.5906040268455,0.45156634471456375,6,751,596,7
4,1,62,500,ChopperCommand-v0,0.0,900.0,171.64429530201343,0.3741265501146173,6,751,596,200
4,1,63,500,Centipede-v0,0.0,4320.0,808.6493288590603,0.3827548564312303,6,751,596,1561
4,1,64,500,Frostbite-v0,0.0,160.0,16.86241610738255,0.1865096010439966,6,751,596,460
4,1,65,500,Hero-v0,0.0,2720.0,27.508389261744966,0.009069649499160105,6,751,596,459
4,1,66,500,Freeway-v0,0.0,6.0,0.9412751677852349,0.22785649183859483,6,751,596,682
4,1,67,500,Gravitar-v0,0.0,500.0,7.382550335570469,0.023982102908277406,6,751,596,736
4,1,68,500,Boxing-v0,-65.0,4.0,-7.7634228187919465,0.968834056099296,15,751,596,1902
4,1,69,500,FishingDerby-v0,-24.0,-6.0,-18.02013422818792,0.6337080306754661,6,751,596,6
4,1,70,500,DoubleDunk-v0,-4.0,2.0,-0.7013422818791947,0.875134642472443,6,751,596,590
4,1,71,500,BattleZone-v0,0.0,6000.0,266.77852348993287,0.07175408070262662,11,751,596,1695
4,1,72,500,BankHeist-v0,0.0,40.0,1.191275167785235,0.05648769574944075,6,751,596,383
4,1,73,500,Bowling-v0,0.0,20.0,0.3070469798657718,0.0322669649515287,11,751,596,1880
4,1,74,500,Alien-v0,0.0,280.0,57.58389261744966,0.385517965575491,6,751,596,1962
4,1,75,500,Asteroids-v0,0.0,980.0,136.40939597315437,0.3067644260827184,6,751,596,1044
5,2,76,500,DoubleDunk-v0,-4.0,2.0,-0.6237288135593221,0.8865453023645044,6,751,590,590
5,2,77,500,Frostbite-v0,0.0,160.0,14.915254237288135,0.1652071563088509,6,751,590,460
5,2,78,500,Centipede-v0,0.0,4320.0,851.6542372881356,0.39886309251638447,6,751,590,1561
5,2,79,500,FishingDerby-v0,-24.0,-6.0,-17.97457627118644,0.6316151682127804,6,751,590,6
5,2,80,500,Boxing-v0,-65.0,4.0,-7.640677966101695,0.965567141372682,15,751,590,1902
5,2,81,500,Asteroids-v0,0.0,980.0,131.40677966101694,0.2996836691554282,6,751,590,1044
5,2,82,500,BankHeist-v0,0.0,40.0,1.2203389830508475,0.05687382297551793,6,751,590,383
5,2,83,500,BattleZone-v0,0.0,6000.0,242.3728813559322,0.06612261979493621,11,751,590,1695
5,2,84,500,Atlantis-v0,300.0,6500.0,1550.0,0.4578172062607438,6,751,590,7
5,2,85,500,Gravitar-v0,0.0,500.0,6.610169491525424,0.02121280602636535,6,751,590,736
5,2,86,500,Freeway-v0,0.0,6.0,1.2932203389830508,0.31504498849131557,6,751,590,682
5,2,87,500,ChopperCommand-v0,0.0,1000.0,158.98305084745763,0.3268700564971751,6,751,590,2341
6,2,88,500,Freeway-v0,0.0,6.0,1.697594501718213,0.4142378346272949,6,751,582,682
6,2,89,500,Frostbite-v0,0.0,160.0,14.0893470790378,0.1558801069110344,6,751,582,460
6,2,90,500,Asteroids-v0,0.0,980.0,137.68041237113403,0.30325343312629505,6,751,582,1044
6,2,91,500,BattleZone-v0,0.0,6000.0,250.8591065292096,0.06855882228161729,11,751,582,1695
6,2,92,500,Gravitar-v0,0.0,500.0,4.982817869415808,0.015395189003436428,6,751,582,736
6,2,93,500,Boxing-v0,-64.0,13.0,-7.474226804123711,0.9836366457065319,10,751,582,2311
6,2,94,500,BankHeist-v0,0.0,40.0,1.0824742268041236,0.048682703321878615,6,751,582,383
6,2,95,500,FishingDerby-v0,-24.0,-6.0,-17.853951890034363,0.6335091614460313,6,751,582,6
6,2,96,500,DoubleDunk-v0,-10.0,2.0,-0.7560137457044673,0.983920919774292,6,751,582,590
6,2,97,500,Atlantis-v0,300.0,6500.0,1521.4776632302405,0.45222716091763815,6,751,582,7
6,2,98,500,ChopperCommand-v0,0.0,1000.0,134.36426116838487,0.2898205421916761,6,751,582,2341
6,2,99,500,Centipede-v0,0.0,4320.0,831.1769759450171,0.3910534584308191,6,751,582,1561
7,2,100,500,Frostbite-v0,0.0,160.0,9.269949066213922,0.10250424448217303,6,751,589,460
7,2,101,500,FishingDerby-v0,-24.0,-2.0,-17.97453310696095,0.5467236027507654,5,751,589,2678
7,2,102,500,BattleZone-v0,0.0,6000.0,198.64176570458403,0.05248485610681425,11,751,589,1695
7,2,103,500,Freeway-v0,0.0,6.0,2.302207130730051,0.5650925401915762,6,751,589,682
7,2,104,500,Gravitar-v0,0.0,500.0,5.1782682512733444,0.015936615732880587,6,751,589,736
7,2,105,500,BankHeist-v0,0.0,40.0,0.9847198641765704,0.04602905112242977,6,751,589,383
7,2,106,500,DoubleDunk-v0,-6.0,2.0,-0.6960950764006791,0.9541595925297168,6,751,589,590
7,2,107,500,Centipede-v0,0.0,4320.0,913.9100169779286,0.42085041331461864,6,751,589,1561
7,2,108,500,Atlantis-v0,400.0,6500.0,1514.4312393887947,0.4244160753998667,6,751,589,7
7,2,109,500,Boxing-v0,-64.0,4.0,-7.6926994906621395,0.9719867440301435,11,751,589,1923
7,2,110,500,Asteroids-v0,0.0,1010.0,128.76061120543292,0.28020792632138475,16,751,589,2740
7,2,111,500,ChopperCommand-v0,0.0,1000.0,131.91850594227503,0.28897189209583124,6,751,589,2341
8,2,112,500,Gravitar-v0,0.0,500.0,8.752166377816291,0.02859233583670326,6,751,577,736
8,2,113,500,BankHeist-v0,0.0,40.0,0.9705372616984402,0.04467552474484886,6,751,577,383
8,2,114,500,Asteroids-v0,0.0,880.0,127.07105719237435,0.3147402813386739,10,751,577,3068
8,2,115,500,FishingDerby-v0,-24.0,-6.0,-18.528596187175044,0.596415402500516,6,751,577,144
8,2,116,500,ChopperCommand-v0,0.0,1200.0,139.51473136915078,0.2623831225795394,6,751,577,3109
8,2,117,500,Freeway-v0,0.0,6.0,2.616984402079723,0.6302501230288623,6,751,577,682
8,2,118,500,DoubleDunk-v0,-6.0,2.0,-0.729636048526863,0.9541209320238832,6,751,577,590
8,2,119,500,Boxing-v0,-43.0,5.0,-7.816291161178509,0.9678587093737275,20,751,577,2975
8,2,120,500,Frostbite-v0,0.0,160.0,8.717504332755633,0.09721018678990938,6,751,577,460
8,2,121,500,BattleZone-v0,0.0,6000.0,123.05025996533796,0.03526114213578107,11,751,577,1695
8,2,122,500,Centipede-v0,0.0,4320.0,938.6828422876949,0.43526112265455985,6,751,577,1561
8,2,123,500,Atlantis-v0,400.0,6500.0,1541.2478336221836,0.4312244487222119,6,751,577,7
9,2,124,500,ChopperCommand-v0,0.0,800.0,138.35616438356163,0.36139649923896267,16,751,584,3355
9,2,125,500,BankHeist-v0,0.0,40.0,0.6335616438356164,0.028729071537290717,6,751,584,383
9,2,126,500,Freeway-v0,0.0,6.0,2.912671232876712,0.6937256891594767,6,751,584,682
9,2,127,500,DoubleDunk-v0,-4.0,2.0,-0.7431506849315068,0.8687637409098533,6,751,584,590
9,2,128,500,Atlantis-v0,500.0,6500.0,1517.8082191780823,0.3985760189413174,6,751,584,7
9,2,129,500,Centipede-v0,0.0,4320.0,920.1780821917808,0.42512799305203247,6,751,584,1561
9,2,130,500,FishingDerby-v0,-24.0,-6.0,-18.36472602739726,0.6139391547813657,6,751,584,144
9,2,131,500,Gravitar-v0,0.0,500.0,6.763698630136986,0.02203957382039574,6,751,584,736
9,2,132,500,Frostbite-v0,0.0,160.0,6.027397260273973,0.06618626331811263,6,751,584,460
9,2,133,500,BattleZone-v0,0.0,6000.0,145.54794520547946,0.039573820395738216,11,751,584,1695
9,2,134,500,Asteroids-v0,0.0,1060.0,129.81164383561645,0.27546974743607777,6,751,584,3016
9,2,135,500,Boxing-v0,-63.0,4.0,-7.642123287671233,0.9742329719900441,11,751,584,1923
10,3,136,500,ChopperCommand-v0,0.0,600.0,134.30034129692834,0.4336577760923613,14,750,586,3646
10,3,137,500,BattleZone-v0,0.0,6000.0,136.51877133105802,0.031011671512240345,11,750,586,1695
10,3,138,500,Hero-v0,0.0,2720.0,4.6416382252559725,0.0015168752370117557,6,750,586,459
10,3,139,500,DoubleDunk-v0,-4.0,2.0,-0.8703071672354948,0.849281591033575,6,750,586,590
10,3,140,500,FishingDerby-v0,-24.0,-6.0,-18.38225255972696,0.6118999798686294,6,750,586,144
10,3,141,500,Asteroids-v0,0.0,1080.0,133.97610921501706,0.27781315072569174,6,750,586,3016
10,3,142,500,Centipede-v0,0.0,4320.0,933.5085324232082,0.4318678928985162,6,750,586,1561
10,3,143,500,Alien-v0,0.0,280.0,25.563139931740615,0.1749204801374471,6,750,586,1962
10,3,144,500,Freeway-v0,0.0,6.0,2.930034129692833,0.7083807356844887,6,750,586,682
11,3,145,500,Asteroids-v0,0.0,980.0,125.67986230636834,0.28842447794390436,6,751,581,2518
11,3,146,500,Centipede-v0,0.0,4320.0,900.5645438898451,0.41445579102614644,6,751,581,1561
11,3,147,500,DoubleDunk-v0,-6.0,2.0,-0.7779690189328744,0.952189711225861,6,751,581,590
11,3,148,500,ChopperCommand-v0,0.0,1000.0,134.93975903614458,0.2967450755402569,6,751,581,3959
11,3,149,500,Alien-v0,0.0,280.0,24.888123924268502,0.17057930458471354,6,751,581,1962
11,3,150,500,Freeway-v0,0.0,6.0,2.7676419965576593,0.6687490703554942,6,751,581,682
11,3,151,500,Hero-v0,0.0,2720.0,4.767641996557659,0.0016132663790770264,6,751,581,459
11,3,152,500,FishingDerby-v0,-24.0,-6.0,-18.287435456110156,0.6233045054999523,6,751,581,144
11,3,153,500,BattleZone-v0,0.0,6000.0,122.20309810671256,0.03110856122904316,11,751,581,1695
12,3,154,500,Freeway-v0,0.0,6.0,3.1208981001727114,0.7510607902087441,6,750,579,682
12,3,155,500,BattleZone-v0,0.0,6000.0,203.79965457685665,0.042815411842469994,21,750,579,1641
12,3,156,500,Centipede-v0,0.0,4609.0,904.6459412780656,0.4007825252285209,5,750,579,4347
12,3,157,500,Hero-v0,0.0,2720.0,9.481865284974093,0.0031540529449613835,6,750,579,459
12,3,158,500,Asteroids-v0,0.0,730.0,126.92573402417962,0.365827747422444,6,750,579,545
12,3,159,500,FishingDerby-v0,-24.0,-6.0,-18.53713298791019,0.6047416315439077,6,750,579,144
12,3,160,500,ChopperCommand-v0,0.0,600.0,132.6424870466321,0.43634192626708523,6,750,579,3959
12,3,161,500,Alien-v0,0.0,280.0,21.260794473229705,0.14546544006203474,6,750,579,1962
12,3,162,500,DoubleDunk-v0,-6.0,2.0,-0.7875647668393783,0.9497217424678616,6,750,579,590
13,3,163,500,FishingDerby-v0,-24.0,-6.0,-18.442307692307693,0.6078640152714218,6,750,572,144
13,3,164,500,BattleZone-v0,0.0,6000.0,243.006993006993,0.05939739273072612,21,750,572,1641
13,3,165,500,Centipede-v0,0.0,5339.0,956.5192307692307,0.3758287337540902,6,750,572,2668
13,3,166,500,Asteroids-v0,0.0,830.0,131.04895104895104,0.33978698516367295,15,750,572,4624
13,3,167,500,Freeway-v0,0.0,6.0,3.0594405594405596,0.7276180609513923,6,750,572,682
13,3,168,500,DoubleDunk-v0,-6.0,2.0,-0.7832167832167832,0.9491064491064544,6,750,572,590
13,3,169,500,Alien-v0,0.0,280.0,24.79020979020979,0.1719233147804572,6,750,572,1962
13,3,170,500,Hero-v0,0.0,2720.0,14.265734265734265,0.004662004662004662,6,750,572,459
13,3,171,500,ChopperCommand-v0,0.0,800.0,133.91608391608392,0.353923853923852,11,750,572,4551
14,3,172,500,Asteroids-v0,0.0,980.0,124.04553415061297,0.2833767697006961,36,750,571,3372
14,3,173,500,BattleZone-v0,0.0,6000.0,246.9352014010508,0.051717800696201154,21,750,571,1641
14,3,174,500,ChopperCommand-v0,0.0,800.0,135.72679509632223,0.3601381591749345,6,750,571,4931
14,3,175,500,Centipede-v0,0.0,4762.0,924.1155866900175,0.403832706271021,6,750,571,4622
14,3,176,500,Alien-v0,0.0,280.0,25.569176882661996,0.17541727724364656,6,750,571,1962
14,3,177,500,DoubleDunk-v0,-4.0,2.0,-0.8021015761821366,0.8591381807960844,6,750,571,590
14,3,178,500,Freeway-v0,0.0,6.0,2.998248686514886,0.7242221789799113,6,750,571,682
14,3,179,500,Hero-v0,0.0,2720.0,9.527145359019265,0.0031134461957579296,6,750,571,459
14,3,180,500,FishingDerby-v0,-24.0,-6.0,-18.411558669001753,0.6097549842766152,6,750,571,144
15,4,181,500,Bowling-v0,0.0,20.0,0.1166077738515901,0.011385944248135063,11,750,566,1880
15,4,182,500,Centipede-v0,0.0,4853.0,947.0053003533569,0.4006039270851521,6,750,566,4793
15,4,183,500,Boxing-v0,-38.0,4.0,-7.8886925795053005,0.9652545745428142,11,750,566,1923
15,4,184,500,FishingDerby-v0,-24.0,-6.0,-18.42226148409894,0.6152772324739334,6,750,566,144
15,4,185,500,Asteroids-v0,0.0,1350.0,127.59717314487632,0.22137675082926642,6,750,566,4632
15,4,186,500,BankHeist-v0,0.0,40.0,1.0777385159010602,0.049666274047899514,6,750,566,383
15,4,187,500,Frostbite-v0,0.0,160.0,7.4734982332155475,0.08462161366313305,6,750,566,460
15,4,188,500,Alien-v0,0.0,280.0,27.93286219081272,0.1887654944192042,6,750,566,1962
15,4,189,500,Atlantis-v0,1500.0,6500.0,1540.8127208480566,0.013365371024734986,6,750,566,7
16,4,190,500,Boxing-v0,-65.0,7.0,-7.14,0.984645841127323,14,751,550,4375
16,4,191,500,Centipede-v0,0.0,3944.0,928.8218181818182,0.4617327291237895,6,751,550,5431
16,4,192,500,Frostbite-v0,0.0,160.0,9.254545454545454,0.10294191919191908,6,751,550,460
16,4,193,500,Atlantis-v0,700.0,6500.0,1563.8181818181818,0.34670414009296324,6,751,550,7
16,4,194,500,Alien-v0,0.0,290.0,23.581818181818182,0.15361606553045318,10,751,550,5280
16,4,195,500,FishingDerby-v0,-24.0,-6.0,-18.41090909090909,0.6123257263998,6,751,550,144
16,4,196,500,Asteroids-v0,0.0,930.0,120.14545454545454,0.2861673037462155,6,751,550,4632
16,4,197,500,BankHeist-v0,0.0,40.0,0.8727272727272727,0.0383838383838384,6,751,550,383
16,4,198,500,Bowling-v0,0.0,20.0,0.13454545454545455,0.013494949494949497,11,751,550,1880
17,4,199,500,Asteroids-v0,0.0,1080.0,124.00728597449908,0.2597614817813163,16,751,549,4894
17,4,200,500,Centipede-v0,0.0,4752.0,902.5282331511839,0.39348452071598683,6,751,549,5391
17,4,201,500,Alien-v0,0.0,260.0,27.522768670309652,0.19239571320277457,16,751,549,5372
17,4,202,500,Frostbite-v0,0.0,160.0,11.347905282331512,0.12678354584092277,6,751,549,460
17,4,203,500,Boxing-v0,-38.0,4.0,-6.739526411657559,0.9764013545781274,11,751,549,1923
17,4,204,500,Bowling-v0,0.0,20.0,0.14571948998178508,0.01483100586925724,11,751,549,1880
17,4,205,500,Atlantis-v0,400.0,7700.0,1555.7377049180327,0.3711567561211812,31,751,549,5677
17,4,206,500,FishingDerby-v0,-24.0,-6.0,-18.349726775956285,0.6182584122272434,6,751,549,144
17,4,207,500,BankHeist-v0,0.0,40.0,0.8743169398907104,0.04088241246711193,6,751,549,383
18,4,208,500,FishingDerby-v0,-24.0,-2.0,-18.278181818181817,0.540879873111276,11,750,550,4805
18,4,209,500,Asteroids-v0,0.0,930.0,127.49090909090908,0.29977751850800854,6,750,550,4632
18,4,210,500,Atlantis-v0,800.0,7400.0,1553.090909090909,0.2725851721994999,31,750,550,5677
18,4,211,500,Alien-v0,0.0,230.0,31.727272727272727,0.23449619063985788,16,750,550,5372
18,4,212,500,Boxing-v0,-38.0,7.0,-6.869090909090909,0.9661805212619993,10,750,550,4863
18,4,213,500,Centipede-v0,0.0,3944.0,938.1181818181818,0.4621870368576369,6,750,550,5844
18,4,214,500,Bowling-v0,0.0,20.0,0.12,0.011474747474747476,11,750,550,1880
18,4,215,500,BankHeist-v0,0.0,60.0,1.1272727272727272,0.03627384960718294,6,750,550,5862
18,4,216,500,Frostbite-v0,0.0,160.0,12.963636363636363,0.14612373737373718,6,750,550,460
19,4,217,500,FishingDerby-v0,-24.0,-4.0,-18.10431654676259,0.5912390087929598,5,750,556,5684
19,4,218,500,Centipede-v0,0.0,4042.0,888.1762589928057,0.43492225246396704,5,750,556,6069
19,4,219,500,Atlantis-v0,500.0,5500.0,1547.6618705035971,0.4724668265387642,31,750,556,5677
19,4,220,500,Asteroids-v0,0.0,830.0,119.08273381294964,0.3088553108739605,5,750,556,6245
19,4,221,500,Alien-v0,0.0,280.0,37.643884892086334,0.2473490595278874,11,750,556,6092
19,4,222,500,Frostbite-v0,0.0,160.0,17.464028776978417,0.19513139488409234,6,750,556,460
19,4,223,500,BankHeist-v0,0.0,20.0,0.6654676258992805,0.046362909672262205,16,750,556,2846
19,4,224,500,Bowling-v0,0.0,20.0,0.17985611510791366,0.018465227817745802,11,750,556,1880
19,4,225,500,Boxing-v0,-42.0,6.0,-6.570143884892087,0.976897648547829,29,750,556,6293
20,5,226,500,Frostbite-v0,0.0,170.0,20.47531992687386,0.21735979763092142,25,751,547,6494
20,5,227,500,Alien-v0,0.0,280.0,43.71115173674589,0.28795698657281243,11,751,547,6092
20,5,228,500,FishingDerby-v0,-24.0,-4.0,-18.089579524680072,0.5845460085313781,20,751,547,6367
20,5,229,500,BattleZone-v0,0.0,6000.0,303.473491773309,0.06951497506037423,21,751,547,1641
20,5,230,500,Centipede-v0,0.0,4308.0,916.5740402193784,0.4245655984378952,16,751,547,6065
20,5,231,500,Boxing-v0,-43.0,5.0,-6.63254113345521,0.9750843546166491,6,751,547,6012
20,5,232,500,DoubleDunk-v0,-6.0,2.0,-0.8574040219378428,0.9469327645744515,6,751,547,590
20,5,233,500,BankHeist-v0,0.0,20.0,0.8226691042047533,0.050375787121673794,6,751,547,394
20,5,234,500,Freeway-v0,0.0,6.0,1.8482632541133455,0.454826551109304,6,751,547,682
21,5,235,500,Freeway-v0,0.0,6.0,2.629277566539924,0.6508003567572619,6,751,526,682
21,5,236,500,Centipede-v0,0.0,3676.0,951.4961977186312,0.5017849562506385,10,751,526,6439
21,5,237,500,Frostbite-v0,0.0,160.0,12.79467680608365,0.14339089564850008,16,751,526,6422
21,5,238,500,Alien-v0,0.0,260.0,32.452471482889734,0.22639698217352439,6,751,526,6817
21,5,239,500,BankHeist-v0,0.0,30.0,1.1787072243346008,0.06346523963760975,24,751,526,6761
21,5,240,500,Boxing-v0,-42.0,7.0,-6.492395437262357,0.9823966109037398,16,751,526,5109
21,5,241,500,DoubleDunk-v0,-8.0,2.0,-0.8840304182509505,0.9758174904942907,6,751,526,590
21,5,242,500,BattleZone-v0,0.0,6000.0,298.4790874524715,0.06384077359996246,21,751,526,1641
21,5,243,500,FishingDerby-v0,-24.0,-6.0,-18.08745247148289,0.629749591867603,6,751,526,144
22,5,244,500,Alien-v0,0.0,320.0,27.554744525547445,0.16755373073803714,15,751,548,2858
22,5,245,500,DoubleDunk-v0,-6.0,2.0,-0.927007299270073,0.9444444444444496,6,751,548,590
22,5,246,500,Frostbite-v0,0.0,160.0,11.113138686131387,0.12620387266828864,16,751,548,6422
22,5,247,500,BankHeist-v0,0.0,30.0,1.094890510948905,0.06127782283500046,6,751,548,7090
22,5,248,500,Centipede-v0,0.0,3624.0,1005.2390510948906,0.5243295285778257,9,751,548,6899
22,5,249,500,BattleZone-v0,0.0,6000.0,248.17518248175182,0.05028386050283863,21,751,548,1641
22,5,250,500,Boxing-v0,-40.0,5.0,-6.483576642335766,0.9818125018773806,26,751,548,6570
22,5,251,500,FishingDerby-v0,-24.0,2.0,-18.222627737226276,0.47916036798686734,20,751,548,6502
22,5,252,500,Freeway-v0,0.0,6.0,2.9361313868613137,0.7228980805623131,6,751,548,682
23,5,253,500,DoubleDunk-v0,-2.0,2.0,-0.8108108108108109,0.5205205205205208,6,750,555,590
23,5,254,500,Alien-v0,0.0,240.0,24.774774774774773,0.1789066844622403,30,750,555,7362
23,5,255,500,BankHeist-v0,0.0,20.0,0.6846846846846847,0.04324324324324325,6,750,555,1089
23,5,256,500,Boxing-v0,-64.0,3.0,-6.448648648648649,0.9690624462734024,24,750,555,6761
23,5,257,500,Frostbite-v0,0.0,160.0,10.198198198198199,0.11303803803803793,6,750,555,460
23,5,258,500,Centipede-v0,0.0,4319.0,1039.6288288288288,0.4844592111982101,26,750,555,7381
23,5,259,500,Freeway-v0,0.0,6.0,3.234234234234234,0.7872761650539402,6,750,555,682
23,5,260,500,BattleZone-v0,0.0,6000.0,284.68468468468467,0.06406406406406408,21,750,555,1641
23,5,261,500,FishingDerby-v0,-24.0,-6.0,-18.464864864864865,0.6154895636377113,6,750,555,232
24,5,262,500,Freeway-v0,0.0,6.0,3.237749546279492,0.7852837713696736,6,751,551,682
24,5,263,500,DoubleDunk-v0,-4.0,2.0,-0.9038112522686026,0.8451524724966887,6,751,551,590
24,5,264,500,Frostbite-v0,0.0,160.0,10.036297640653357,0.10991379310344819,6,751,551,460
24,5,265,500,Alien-v0,0.0,320.0,23.901996370235935,0.1459058025811654,6,751,551,7465
24,5,266,500,Centipede-v0,0.0,4216.0,1040.043557168784,0.4912135521995845,16,751,551,6439
24,5,267,500,BattleZone-v0,0.0,6000.0,281.30671506352087,0.05986870112701934,21,751,551,1641
24,5,268,500,Boxing-v0,-38.0,4.0,-6.731397459165154,0.9772286947984823,11,751,551,1923
24,5,269,500,BankHeist-v0,0.0,30.0,0.617059891107078,0.03549102641661624,9,751,551,5822
24,5,270,500,FishingDerby-v0,-24.0,-6.0,-18.47005444646098,0.6206149686690109,6,751,551,232
25,6,271,500,Alien-v0,0.0,320.0,22.945454545454545,0.13871212121212106,6,751,550,7465
25,6,272,500,Boxing-v0,-65.0,4.0,-6.752727272727273,0.9761140919805102,11,751,550,1923
25,6,273,500,Freeway-v0,0.0,6.0,3.26,0.7974859708193014,6,751,550,682
25,6,274,500,Bowling-v0,0.0,20.0,0.12363636363636364,0.012040404040404042,11,751,550,1880
25,6,275,500,FishingDerby-v0,-24.0,-2.0,-18.407272727272726,0.5391167877118271,11,751,550,7939
25,6,276,500,DoubleDunk-v0,-4.0,2.0,-0.8090909090909091,0.8585409652076259,6,751,550,590
25,6,277,500,Centipede-v0,0.0,3651.0,1090.7327272727273,0.5613339095678105,20,751,550,7332
25,6,278,500,Atlantis-v0,800.0,7700.0,1545.090909090909,0.26173806962716734,31,751,550,5677
25,6,279,500,BankHeist-v0,0.0,20.0,1.1090909090909091,0.061414141414141414,11,751,550,1712
26,6,280,500,Centipede-v0,0.0,4443.0,1059.311475409836,0.47869733171960527,46,751,549,8169
26,6,281,500,Boxing-v0,-38.0,9.0,-7.067395264116575,0.9649179466642583,21,751,549,6680
26,6,282,500,Bowling-v0,0.0,20.0,0.11839708561020036,0.011406597854685289,11,751,549,1880
26,6,283,500,Atlantis-v0,400.0,8100.0,1541.5300546448088,0.3511082997279902,31,751,549,5677
26,6,284,500,BankHeist-v0,0.0,20.0,0.8378870673952641,0.05019226877150376,11,751,549,1712
26,6,285,500,DoubleDunk-v0,-4.0,2.0,-0.8378870673952641,0.8563268793991263,6,751,549,590
26,6,286,500,Alien-v0,0.0,320.0,24.82695810564663,0.15080133070228685,6,751,549,7465
26,6,287,500,Freeway-v0,0.0,6.0,3.225865209471767,0.7906631586048686,6,751,549,682
26,6,288,500,FishingDerby-v0,-24.0,-6.0,-18.67030965391621,0.6027469822922831,6,751,549,232
27,6,289,500,Freeway-v0,0.0,6.0,3.3710575139146566,0.813577956435097,6,750,539,682
27,6,290,500,BankHeist-v0,0.0,20.0,0.9833024118738405,0.056070913213770376,11,750,539,1712
27,6,291,500,FishingDerby-v0,-24.0,-6.0,-18.64378478664193,0.6091043974641858,6,750,539,232
27,6,292,500,Bowling-v0,0.0,20.0,0.08719851576994433,0.007561327561327562,11,750,539,1880
27,6,293,500,Centipede-v0,0.0,4086.0,1020.0964749536178,0.49095021272254113,21,750,539,8267
27,6,294,500,Boxing-v0,-38.0,4.0,-6.1187384044526905,0.985982739141147,11,750,539,1923
27,6,295,500,DoubleDunk-v0,-12.0,2.0,-0.8534322820037106,0.9836978699952486,6,750,539,590
27,6,296,500,Atlantis-v0,400.0,5500.0,1527.6437847866418,0.4974507133017636,31,750,539,5677
27,6,297,500,Alien-v0,0.0,320.0,25.75139146567718,0.15665584415584408,21,750,539,8057
28,6,298,500,Atlantis-v0,600.0,7500.0,1553.4839924670432,0.3284688372021058,31,750,531,5677
28,6,299,500,BankHeist-v0,0.0,30.0,1.1864406779661016,0.06714561391271999,35,750,531,6761
28,6,300,500,Boxing-v0,-38.0,4.0,-6.775894538606403,0.9776938884642246,11,750,531,1923
28,6,301,500,DoubleDunk-v0,-2.0,2.0,-0.8022598870056498,0.5155890353630461,6,750,531,590
28,6,302,500,FishingDerby-v0,-24.0,-6.0,-18.536723163841806,0.6181157791676026,6,750,531,232
28,6,303,500,Alien-v0,0.0,320.0,23.370998116760827,0.14395336367440875,21,750,531,8057
28,6,304,500,Freeway-v0,0.0,6.0,3.209039548022599,0.7811955081258263,6,750,531,682
28,6,305,500,Bowling-v0,0.0,20.0,0.1337099811676083,0.012898095835948944,11,750,531,1880
28,6,306,500,Centipede-v0,0.0,4308.0,1025.4237288135594,0.4737867249857254,21,750,531,6680
29,6,307,500,Alien-v0,0.0,320.0,21.25461254612546,0.13364852398523974,21,750,542,8057
29,6,308,500,FishingDerby-v0,-24.0,-6.0,-18.686346863468636,0.6029591160109129,6,750,542,232
29,6,309,500,BankHeist-v0,0.0,30.0,1.2177121771217712,0.06523620791763476,47,750,542,8869
29,6,310,500,DoubleDunk-v0,-6.0,2.0,-0.8339483394833949,0.949569495694962,6,750,542,590
29,6,311,500,Boxing-v0,-35.0,4.0,-6.667896678966789,0.9758712182782603,11,750,542,1923
29,6,312,500,Centipede-v0,0.0,3988.0,951.3616236162362,0.4680290996876013,21,750,542,8600
29,6,313,500,Atlantis-v0,400.0,8200.0,1542.0664206642066,0.347893735347612,31,750,542,5677
29,6,314,500,Bowling-v0,0.0,20.0,0.14944649446494465,0.014768347683476835,11,750,542,1880
29,6,315,500,Freeway-v0,0.0,6.0,3.3505535055350553,0.8132659104368798,6,750,542,682
30,7,316,500,Centipede-v0,0.0,3875.0,949.9614678899082,0.47584813501226697,15,750,545,8958
30,7,317,500,DoubleDunk-v0,-6.0,2.0,-0.7963302752293578,0.9480122324159068,6,750,545,590
30,7,318,500,ChopperCommand-v0,0.0,1000.0,129.72477064220183,0.29409989806320136,26,750,545,9158
30,7,319,500,Freeway-v0,0.0,6.0,3.2477064220183487,0.7903046777664483,6,750,545,682
30,7,320,500,Alien-v0,0.0,320.0,24.3302752293578,0.1516628440366971,21,750,545,8057
30,7,321,500,Asteroids-v0,0.0,1030.0,126.75229357798165,0.2697457748690861,19,750,545,9082
30,7,322,500,Boxing-v0,-63.0,6.0,-6.933944954128441,0.9815846172852383,11,750,545,9032
30,7,323,500,Frostbite-v0,0.0,160.0,6.073394495412844,0.06739296636085626,6,750,545,460
30,7,324,500,Bowling-v0,0.0,26.0,0.1798165137614679,0.01227584459765123,6,750,545,9198
31,7,325,500,Freeway-v0,0.0,6.0,3.3962962962962964,0.8212162780063988,6,750,540,682
31,7,326,500,Asteroids-v0,0.0,980.0,127.22222222222223,0.28442675634123593,19,750,540,9082
31,7,327,500,Frostbite-v0,0.0,160.0,5.611111111111111,0.06138117283950618,6,750,540,460
31,7,328,500,DoubleDunk-v0,-6.0,2.0,-0.7962962962962963,0.952469135802474,6,750,540,590
31,7,329,500,Bowling-v0,0.0,6.0,0.05185185185185185,0.014449016918152723,6,750,540,9198
31,7,330,500,Alien-v0,0.0,320.0,21.59259259259259,0.1355452674897118,21,750,540,8057
31,7,331,500,ChopperCommand-v0,0.0,500.0,125.37037037037037,0.4888888888888853,11,750,540,1923
31,7,332,500,Boxing-v0,-65.0,4.0,-6.7555555555555555,0.9751646393061618,11,750,540,1923
31,7,333,500,Centipede-v0,0.0,4968.0,931.8407407407408,0.3937605600863587,10,750,540,8741
32,7,334,500,Alien-v0,0.0,320.0,19.5724907063197,0.12473861524163558,21,750,538,8057
32,7,335,500,ChopperCommand-v0,0.0,700.0,139.40520446096653,0.40981547513677513,11,750,538,9666
32,7,336,500,Asteroids-v0,0.0,780.0,127.93680297397769,0.3475745456490861,19,750,538,9082
32,7,337,500,Frostbite-v0,0.0,160.0,4.330855018587361,0.047462308963238345,6,750,538,460
32,7,338,500,Centipede-v0,0.0,4308.0,926.0873605947955,0.43098827055819616,6,750,538,9352
32,7,339,500,Freeway-v0,0.0,6.0,3.3810408921933086,0.8117857634586241,6,750,538,682
32,7,340,500,Bowling-v0,0.0,6.0,0.10223048327137546,0.029189040341456706,16,750,538,9770
32,7,341,500,Boxing-v0,-64.0,4.0,-6.555762081784387,0.9763623942178349,11,750,538,1923
32,7,342,500,DoubleDunk-v0,-2.0,2.0,-0.8178438661710037,0.5171416769929778,6,750,538,590
33,7,343,500,Alien-v0,0.0,320.0,17.226277372262775,0.10928629359286282,21,751,548,8057
33,7,344,500,Frostbite-v0,0.0,160.0,3.375912408759124,0.036787814274128146,6,751,548,460
33,7,345,500,Asteroids-v0,0.0,960.0,131.27737226277372,0.2935252771019193,10,751,548,9411
33,7,346,500,ChopperCommand-v0,0.0,1000.0,130.65693430656935,0.29664233576642446,11,751,548,9666
33,7,347,500,Boxing-v0,-38.0,4.0,-6.636861313868613,0.9818244680948901,11,751,548,1923
33,7,348,500,Bowling-v0,0.0,16.0,0.11313868613138686,0.013736820762368209,21,751,548,9955
33,7,349,500,DoubleDunk-v0,-6.0,2.0,-0.7956204379562044,0.9497161394971662,6,751,548,590
33,7,350,500,Centipede-v0,0.0,4518.0,973.4543795620438,0.43566112442429167,21,751,548,9060
33,7,351,500,Freeway-v0,0.0,6.0,3.326642335766423,0.8130125259079007,6,751,548,682
34,7,352,500,Asteroids-v0,0.0,1180.0,129.81549815498155,0.24246895729514617,14,751,542,10317
34,7,353,500,Bowling-v0,0.0,7.0,0.09778597785977859,0.024868003782078634,21,751,542,9955
34,7,354,500,Centipede-v0,0.0,4959.0,967.3284132841328,0.40645449631821234,5,751,542,9933
34,7,355,500,Freeway-v0,0.0,6.0,3.4501845018450186,0.8347683476834736,6,751,542,682
34,7,356,500,Frostbite-v0,0.0,160.0,4.704797047970479,0.050110188601886034,6,751,542,460
34,7,357,500,Alien-v0,0.0,230.0,17.60147601476015,0.1373459481286684,26,751,542,5970
34,7,358,500,DoubleDunk-v0,-8.0,2.0,-0.8081180811808119,0.9767281672816686,6,751,542,590
34,7,359,500,Boxing-v0,-38.0,4.0,-6.7380073800738005,0.9800790071392795,11,751,542,1923
34,7,360,500,ChopperCommand-v0,0.0,600.0,130.8118081180812,0.4406177395107294,6,751,542,210
35,8,361,500,Atlantis-v0,400.0,5500.0,1555.8011049723757,0.5011133980909768,31,751,543,5677
35,8,362,500,ChopperCommand-v0,0.0,600.0,131.67587476979742,0.4427165041038595,6,751,543,210
35,8,363,500,Freeway-v0,0.0,6.0,3.3775322283609577,0.826683036627786,6,751,543,682
35,8,364,500,Gravitar-v0,0.0,500.0,8.839779005524862,0.02874565172907715,6,751,543,736
35,8,365,500,Bowling-v0,0.0,16.0,0.16390423572744015,0.01986136689175363,21,751,543,9955
35,8,366,500,BattleZone-v0,0.0,6000.0,173.11233885819522,0.04656344496737377,10,751,543,5484
35,8,367,500,Frostbite-v0,0.0,160.0,4.751381215469613,0.051335174953959506,6,751,543,460
35,8,368,500,Asteroids-v0,0.0,1080.0,137.77163904235726,0.27228168683579496,19,751,543,10039
35,8,369,500,Alien-v0,0.0,230.0,20.055248618784532,0.15015493827805185,11,751,543,10424
36,8,370,500,ChopperCommand-v0,0.0,600.0,136.60377358490567,0.44873049149778793,6,751,530,210
36,8,371,500,Gravitar-v0,0.0,500.0,5.660377358490566,0.020192872117400423,6,751,530,736
36,8,372,500,BattleZone-v0,0.0,6000.0,215.0943396226415,0.05981830887491266,10,751,530,4890
36,8,373,500,Freeway-v0,0.0,6.0,3.4113207547169813,0.8240391334730934,6,751,530,682
36,8,374,500,Bowling-v0,0.0,6.0,0.09433962264150944,0.027207081295131618,40,751,530,10469
36,8,375,500,Atlantis-v0,400.0,5500.0,1570.188679245283,0.5053537705623657,31,751,530,5677
36,8,376,500,Frostbite-v0,0.0,160.0,5.830188679245283,0.062120020964360596,6,751,530,460
36,8,377,500,Alien-v0,0.0,250.0,21.07547169811321,0.15433257861635225,18,751,530,10629
36,8,378,500,Asteroids-v0,0.0,1030.0,144.79245283018867,0.29840918661482213,32,751,530,10495
37,8,379,500,Bowling-v0,0.0,6.0,0.14068441064638784,0.03699009529174296,6,750,526,10653
37,8,380,500,Freeway-v0,0.0,6.0,3.406844106463878,0.8278646200065695,6,750,526,682
37,8,381,500,Alien-v0,0.0,260.0,24.08745247148289,0.17052019508878216,18,750,526,10629
37,8,382,500,Atlantis-v0,600.0,5500.0,1589.5437262357414,0.44795094003044433,29,750,526,10599
37,8,383,500,Asteroids-v0,0.0,1180.0,164.94296577946767,0.29492324013259535,32,750,526,10495
37,8,384,500,BattleZone-v0,0.0,6000.0,258.5551330798479,0.0664695113364315,10,750,526,4890
37,8,385,500,Gravitar-v0,0.0,500.0,9.505703422053232,0.03312209547950993,6,750,526,736
37,8,386,500,ChopperCommand-v0,0.0,600.0,137.83269961977186,0.4530817255785579,6,750,526,210
37,8,387,500,Frostbite-v0,0.0,160.0,7.015209125475285,0.07740547106041398,6,750,526,460
38,8,388,500,Bowling-v0,0.0,6.0,0.16135084427767354,0.043916336599263445,6,751,533,10653
38,8,389,500,BattleZone-v0,0.0,6000.0,253.28330206378988,0.06596715539804973,10,751,533,4890
38,8,390,500,Gravitar-v0,0.0,500.0,10.50656660412758,0.03388784657077341,6,751,533,736
38,8,391,500,Alien-v0,0.0,290.0,25.45966228893058,0.16755815230337437,5,751,533,11093
38,8,392,500,Freeway-v0,0.0,6.0,3.3864915572232643,0.8206981215111281,6,751,533,682
38,8,393,500,Frostbite-v0,0.0,160.0,7.973733583489681,0.08775015634771728,6,751,533,460
38,8,394,500,Atlantis-v0,700.0,6100.0,1573.358348968105,0.371226529612556,34,751,533,11118
38,8,395,500,ChopperCommand-v0,0.0,1100.0,132.08255159474672,0.27278757212238364,20,751,533,11273
38,8,396,500,Asteroids-v0,0.0,1300.0,183.50844277673545,0.29318047645656264,14,751,533,11248
39,8,397,500,Alien-v0,0.0,230.0,25.084745762711865,0.18956279659236963,5,750,531,11093
39,8,398,500,ChopperCommand-v0,0.0,700.0,128.24858757062148,0.3876483424506063,20,750,531,11273
39,8,399,500,Freeway-v0,0.0,6.0,3.4237288135593222,0.8375531840691892,6,750,531,682
39,8,400,500,Asteroids-v0,0.0,1510.0,186.7984934086629,0.26448012732487824,14,750,531,11421
39,8,401,500,Bowling-v0,0.0,7.0,0.2071563088512241,0.049536449859290836,6,750,531,10977
39,8,402,500,BattleZone-v0,0.0,6000.0,291.9020715630885,0.06695961498221387,10,750,531,4890
39,8,403,500,Atlantis-v0,400.0,5700.0,1572.693032015066,0.4901561812459619,34,750,531,11118
39,8,404,500,Gravitar-v0,0.0,500.0,11.770244821092279,0.04124712282904375,6,750,531,736
39,8,405,500,Frostbite-v0,0.0,160.0,8.474576271186441,0.0916771291065076,6,750,531,460
40,9,406,500,DoubleDunk-v0,-4.0,2.0,-0.8015414258188824,0.856728276124546,6,750,519,590
40,9,407,500,Asteroids-v0,0.0,1300.0,208.40077071290943,0.3265913435410994,14,750,519,11802
40,9,408,500,Alien-v0,0.0,290.0,27.745664739884393,0.18172899243466215,5,750,519,11093
40,9,409,500,Boxing-v0,-38.0,3.0,-7.3853564547206165,0.9690503672272038,24,750,519,11733
40,9,410,500,FishingDerby-v0,-24.0,-6.0,-18.63776493256262,0.6141175786505123,6,750,519,232
40,9,411,500,Centipede-v0,0.0,3820.0,1006.6570327552987,0.5006553357815218,24,750,519,11868
40,9,412,500,Freeway-v0,0.0,6.0,3.346820809248555,0.8123884963962017,6,750,519,682
40,9,413,500,Frostbite-v0,0.0,160.0,9.364161849710984,0.10321665596232062,6,750,519,460
40,9,414,500,Hero-v0,0.0,2720.0,5.481695568400771,0.0019450588331596191,6,750,519,459
41,9,415,500,Boxing-v0,-38.0,3.0,-7.111328125,0.9779717347478353,22,750,512,11956
41,9,416,500,DoubleDunk-v0,-4.0,2.0,-0.7265625,0.8676697530864136,6,750,512,590
41,9,417,500,Asteroids-v0,0.0,1180.0,212.4609375,0.3654446559098599,14,750,512,12098
41,9,418,500,Hero-v0,0.0,2770.0,10.72265625,0.0035024286413510176,21,750,512,12140
41,9,419,500,Freeway-v0,0.0,6.0,3.41796875,0.8231095679012315,6,750,512,682
41,9,420,500,Centipede-v0,0.0,4608.0,925.927734375,0.41285429815206015,6,750,512,12113
41,9,421,500,FishingDerby-v0,-24.0,-6.0,-18.572265625,0.617476851851852,6,750,512,232
41,9,422,500,Frostbite-v0,0.0,170.0,10.6640625,0.11069059976931943,11,750,512,11929
41,9,423,500,Alien-v0,0.0,280.0,28.30078125,0.18474082341269812,33,750,512,11911
42,9,424,500,Boxing-v0,-63.0,2.0,-6.873015873015873,0.96812998966845,10,750,504,12302
42,9,425,500,Freeway-v0,0.0,6.0,3.4583333333333335,0.8383303938859469,6,750,504,682
42,9,426,500,DoubleDunk-v0,-4.0,2.0,-0.7698412698412699,0.8594944150499654,6,750,504,590
42,9,427,500,Alien-v0,0.0,280.0,24.384920634920636,0.15870766295936334,76,750,504,12142
42,9,428,500,Frostbite-v0,0.0,180.0,9.285714285714286,0.09240751627582905,64,750,504,11666
42,9,429,500,FishingDerby-v0,-24.0,-6.0,-18.4484126984127,0.6262547085592356,6,750,504,232
42,9,430,500,Hero-v0,0.0,2770.0,10.912698412698413,0.0035520694550092388,21,750,504,12140
42,9,431,500,Asteroids-v0,0.0,1280.0,195.77380952380952,0.3244786069086199,44,750,504,12177
42,9,432,500,Centipede-v0,0.0,3633.0,960.8551587301587,0.5032018699653169,6,750,504,12352
43,9,433,500,Asteroids-v0,0.0,1030.0,197.09302325581396,0.3740951261945938,37,751,516,12190
43,9,434,500,FishingDerby-v0,-24.0,-6.0,-18.66860465116279,0.6065439542327281,6,751,516,232
43,9,435,500,Centipede-v0,0.0,4960.0,1010.9341085271318,0.42353266632070224,26,751,516,12396
43,9,436,500,Freeway-v0,0.0,6.0,3.4302325581395348,0.8354866494401353,6,751,516,682
43,9,437,500,DoubleDunk-v0,-2.0,2.0,-0.7170542635658915,0.5529715762273902,6,751,516,590
43,9,438,500,Alien-v0,0.0,290.0,25.523255813953487,0.16333657995024595,54,751,516,12012
43,9,439,500,Frostbite-v0,0.0,170.0,9.186046511627907,0.09681428430925486,9,751,516,12574
43,9,440,500,Hero-v0,0.0,2770.0,5.368217054263566,0.0017226528854435831,21,751,516,12140
43,9,441,500,Boxing-v0,-38.0,0.0,-6.841085271317829,0.9642084266834622,53,751,516,9311
44,9,442,500,Alien-v0,0.0,240.0,30.116731517509727,0.21675793822356762,41,750,514,12193
44,9,443,500,Hero-v0,0.0,2770.0,5.389105058365759,0.0017293558149589277,21,750,514,12140
44,9,444,500,Asteroids-v0,0.0,1440.0,188.6770428015564,0.28652196655511303,51,750,514,12452
44,9,445,500,Boxing-v0,-65.0,2.0,-7.221789883268483,0.9629141013094666,15,750,514,12287
44,9,446,500,Frostbite-v0,0.0,160.0,9.82490272373541,0.10799016428880229,9,750,514,12574
44,9,447,500,DoubleDunk-v0,-6.0,2.0,-0.8443579766536965,0.9474708171206274,6,750,514,590
44,9,448,500,Centipede-v0,0.0,3530.0,957.0719844357976,0.5078232570711625,14,750,514,12883
44,9,449,500,FishingDerby-v0,-24.0,-6.0,-18.745136186770427,0.5958591535764041,6,750,514,217
44,9,450,500,Freeway-v0,0.0,6.0,3.3715953307392996,0.8176009991833574,6,750,514,682
45,10,451,500,Boxing-v0,-38.0,1.0,-6.799220272904483,0.9670074163501469,72,751,513,12653
45,10,452,500,DoubleDunk-v0,-8.0,2.0,-0.8070175438596491,0.9751093783842268,6,751,513,590
45,10,453,500,ChopperCommand-v0,0.0,800.0,122.61208576998051,0.3376110028156797,6,751,513,13064
45,10,454,500,Hero-v0,0.0,2770.0,11.140350877192983,0.0037890599064393763,21,751,513,12140
45,10,455,500,Gravitar-v0,0.0,500.0,12.280701754385966,0.043941953649556,6,751,513,736
45,10,456,500,Centipede-v0,0.0,4415.0,1006.0155945419103,0.45156850926399766,4,751,513,9546
45,10,457,500,Asteroids-v0,0.0,930.0,168.5185185185185,0.3658766296558998,153,751,513,12150
45,10,458,500,Alien-v0,0.0,250.0,33.294346978557506,0.2232084903617067,45,751,513,12170
45,10,459,500,Bowling-v0,0.0,13.0,0.11695906432748537,0.01681462770081754,42,751,513,12682
46,10,460,500,Boxing-v0,-39.0,5.0,-6.92023346303502,0.9745652492380465,17,751,514,13374
46,10,461,500,Hero-v0,0.0,2770.0,16.361867704280154,0.005373108449461918,21,751,514,12140
46,10,462,500,Centipede-v0,0.0,4688.0,915.2684824902724,0.40062588471567845,56,751,514,12724
46,10,463,500,Bowling-v0,0.0,16.0,0.2529182879377432,0.028183095546908777,6,751,514,13342
46,10,464,500,ChopperCommand-v0,0.0,800.0,136.57587548638134,0.3614353653264144,20,751,514,11273
46,10,465,500,DoubleDunk-v0,-4.0,2.0,-0.7392996108949417,0.869673824278228,6,751,514,590
46,10,466,500,Asteroids-v0,0.0,1030.0,170.5058365758755,0.34098156387542117,42,751,514,13060
46,10,467,500,Gravitar-v0,0.0,500.0,10.992217898832685,0.03853004755728492,6,751,514,736
46,10,468,500,Alien-v0,0.0,270.0,39.72762645914397,0.25738223211442207,34,751,514,13186
47,10,469,500,Asteroids-v0,0.0,980.0,167.83681214421253,0.3531096002148931,131,751,527,13670
47,10,470,500,Hero-v0,0.0,2770.0,26.299810246679318,0.008547724035508823,21,751,527,12140
47,10,471,500,Gravitar-v0,0.0,500.0,8.538899430740038,0.02968585283575796,6,751,527,736
47,10,472,500,Bowling-v0,0.0,13.0,0.3187855787476281,0.047586789376309196,6,751,527,13342
47,10,473,500,ChopperCommand-v0,0.0,800.0,142.50474383301707,0.3775563989036448,20,751,527,11273
47,10,474,500,Alien-v0,0.0,250.0,38.67172675521822,0.25690137044064926,44,751,527,12177
47,10,475,500,DoubleDunk-v0,-4.0,2.0,-0.7893738140417458,0.8617143392601907,6,751,527,590
47,10,476,500,Boxing-v0,-43.0,1.0,-7.055028462998102,0.9616450863647681,21,751,527,12710
47,10,477,500,Centipede-v0,0.0,4210.0,933.2409867172676,0.4404995441269875,19,751,527,13591
48,10,478,500,Hero-v0,0.0,2770.0,37.53861003861004,0.012282756017198016,21,750,518,12140
48,10,479,500,Alien-v0,0.0,320.0,44.575289575289574,0.254199512012012,55,750,518,13803
48,10,480,500,Centipede-v0,0.0,4135.0,890.0849420849421,0.42593855759093674,79,750,518,13487
48,10,481,500,Asteroids-v0,0.0,930.0,172.992277992278,0.37642379508491275,13,750,518,12996
48,10,482,500,Gravitar-v0,0.0,500.0,14.285714285714286,0.050656370656370665,6,750,518,736
48,10,483,500,DoubleDunk-v0,-4.0,2.0,-0.6718146718146718,0.881262214595542,6,750,518,590
48,10,484,500,ChopperCommand-v0,0.0,700.0,150.1930501930502,0.4266190388639406,20,750,518,11273
48,10,485,500,Boxing-v0,-38.0,1.0,-6.326254826254826,0.9723569723569733,51,750,518,12851
48,10,486,500,Bowling-v0,0.0,16.0,0.42084942084942084,0.04727048477048476,19,750,518,13455
49,10,487,500,Gravitar-v0,0.0,500.0,11.18546845124283,0.04031442532398557,6,750,523,736
49,10,488,500,Centipede-v0,0.0,3546.0,905.8183556405354,0.4805467766567556,6,750,523,12610
49,10,489,500,ChopperCommand-v0,0.0,900.0,156.02294455066922,0.3687914243823862,20,750,523,11273
49,10,490,500,DoubleDunk-v0,-6.0,2.0,-0.762906309751434,0.9498087954110943,6,750,523,590
49,10,491,500,Bowling-v0,0.0,26.0,0.4168260038240918,0.03057262065939811,21,750,523,11100
49,10,492,500,Alien-v0,0.0,290.0,44.588910133843214,0.2753548172618159,25,750,523,12581
49,10,493,500,Asteroids-v0,0.0,1130.0,159.61759082217972,0.30386690279861894,38,750,523,13493
49,10,494,500,Hero-v0,0.0,2770.0,47.72466539196941,0.0156387273823533,21,750,523,12140
