tpgGen,envGen,frames,envName,tpgMin,tpgMax,tpgAvg,envFit,championSize,totalTeams,totalRootTeams
1,1,200,Boxing-v0,-19.0,1.0,-3.69866666667,0.882583703704,5,751,670
2,1,200,Gravitar-v0,0.0,0.0,0.0,0.0,3,751,635
3,1,200,Alien-v0,0.0,140.0,44.6141732283,0.412234185013,6,750,616
4,1,200,FishingDerby-v0,-6.0,0.0,-5.96428571429,0.00721500721501,6,750,603
5,1,200,BattleZone-v0,0.0,1000.0,53.0679933665,0.0471715496591,4,751,588
6,1,200,Freeway-v0,0.0,2.0,0.030612244898,0.0136054421769,3,751,587
7,1,200,Frostbite-v0,0.0,40.0,7.46166950596,0.176414915768,6,750,590
8,1,200,DoubleDunk-v0,-2.0,2.0,-0.271186440678,0.767231638418,18,751,586
9,1,200,BankHeist-v0,0.0,10.0,0.0341296928328,0.00303375047402,6,750,584
10,1,200,BattleZone-v0,0.0,1000.0,49.6575342466,0.0441400304414,4,751,567
11,1,200,DoubleDunk-v0,-2.0,0.0,-0.153439153439,0.82304526749,3,751,579
12,1,200,Gravitar-v0,0.0,0.0,0.0,0.0,3,751,567
13,1,200,Boxing-v0,-19.0,2.0,-2.49382716049,0.913275415333,6,750,560
14,1,200,Alien-v0,0.0,140.0,58.6428571429,0.556527372854,6,750,566
15,1,200,FishingDerby-v0,-6.0,4.0,-5.97879858657,0.00238712210444,6,750,569
16,1,200,Freeway-v0,0.0,2.0,0.0351493848858,0.0156219488381,10,751,573
17,1,200,Frostbite-v0,0.0,90.0,7.12041884817,0.144710413988,6,751,578
18,1,200,BankHeist-v0,0.0,10.0,0.0519031141869,0.00461361014994,20,751,580
19,1,200,BattleZone-v0,0.0,1000.0,56.8965517241,0.0505747126437,5,750,559
20,1,200,Alien-v0,0.0,140.0,76.8336314848,0.640859325245,6,751,547
21,1,200,FishingDerby-v0,-6.0,-6.0,-6.0,0.0,3,750,532
22,1,200,Freeway-v0,0.0,2.0,0.0714285714286,0.031746031746,7,750,547
23,1,200,Boxing-v0,-19.0,0.0,-2.68555758684,0.888353215699,3,750,538
24,1,200,Gravitar-v0,0.0,100.0,0.371747211896,0.0033044196613,6,751,540
25,1,200,DoubleDunk-v0,-4.0,0.0,-0.148148148148,0.887242798354,6,750,536
26,1,200,BankHeist-v0,0.0,10.0,0.111940298507,0.00995024875622,6,750,531
27,1,200,Frostbite-v0,0.0,80.0,6.42184557439,0.139725884076,24,750,526
28,1,200,BattleZone-v0,0.0,1000.0,79.8479087452,0.0709759188847,5,751,528
29,1,200,Boxing-v0,-19.0,1.0,-1.74053030303,0.907601010101,6,751,528
30,1,200,Frostbite-v0,0.0,80.0,7.5,0.163194444444,29,751,525
31,1,200,Gravitar-v0,0.0,0.0,0.0,0.0,3,750,531
32,1,200,BankHeist-v0,0.0,0.0,0.0,0.0,3,750,523
33,1,200,Alien-v0,0.0,140.0,77.9541108987,0.676161860538,5,751,530
34,1,200,Freeway-v0,0.0,2.0,0.0150943396226,0.00670859538784,10,750,534
35,1,200,FishingDerby-v0,-6.0,4.0,-5.96629213483,0.00432792342905,13,750,537
36,1,200,DoubleDunk-v0,-2.0,2.0,-0.163873370577,0.815228636458,29,751,545
37,1,200,Frostbite-v0,0.0,70.0,8.44036697248,0.196384364143,15,750,526
38,1,200,Boxing-v0,-19.0,1.0,-2.46007604563,0.898335445712,10,751,519
39,1,200,Gravitar-v0,0.0,0.0,0.0,0.0,3,751,524
40,1,200,FishingDerby-v0,-6.0,4.0,-5.96946564885,0.00407124681934,13,751,514
41,1,200,BattleZone-v0,0.0,1000.0,46.6926070039,0.041504539559,5,750,526
42,1,200,DoubleDunk-v0,-2.0,0.0,-0.11216730038,0.839881706802,3,751,538
43,1,200,Alien-v0,0.0,140.0,85.6505576208,0.761095516273,5,750,521
44,1,200,Freeway-v0,0.0,2.0,0.0307101727447,0.0136489656643,6,751,518
45,1,200,BankHeist-v0,0.0,10.0,0.03861003861,0.003432003432,10,750,516
46,2,200,BattleZone-v0,0.0,1000.0,125.968992248,0.111972437554,5,751,531
47,2,200,ChopperCommand-v0,0.0,300.0,107.90960452,0.546650856758,6,751,536
48,2,200,Alien-v0,0.0,140.0,101.641791045,0.870545233019,5,751,532
49,2,200,Boxing-v0,-25.0,1.0,-0.772556390977,0.923215336171,10,751,540
50,2,200,DoubleDunk-v0,-4.0,2.0,-0.0685185185185,0.975400091449,6,751,537
51,2,200,Bowling-v0,0.0,0.0,0.0,0.0,3,751,543
52,2,200,Frostbite-v0,0.0,70.0,4.6408839779,0.106905868548,15,751,544
53,2,200,Freeway-v0,0.0,2.0,0.0569852941176,0.0261437908497,22,750,540
54,2,200,Hero-v0,0.0,0.0,0.0,0.0,3,751,533
55,2,200,Alien-v0,0.0,140.0,97.5797373358,0.81598618184,5,750,532
56,2,200,Frostbite-v0,0.0,80.0,8.1954887218,0.179197994987,6,751,528
57,2,200,Freeway-v0,0.0,2.0,0.0151515151515,0.00673400673401,7,751,522
58,2,200,Hero-v0,0.0,75.0,0.14367816092,0.00170285227756,6,751,521
59,2,200,DoubleDunk-v0,-2.0,2.0,-0.0537428023033,0.863297078268,6,751,520
60,2,200,Bowling-v0,0.0,0.0,0.0,0.0,3,750,531
61,2,200,BattleZone-v0,0.0,1000.0,122.410546139,0.108809374346,6,750,519
62,2,200,ChopperCommand-v0,0.0,600.0,124.277456647,0.422845453032,10,751,518
63,2,200,Boxing-v0,-19.0,2.0,-0.38416988417,0.954093062937,24,750,529
64,2,200,ChopperCommand-v0,0.0,600.0,167.296786389,0.558239398819,37,751,534
65,2,200,DoubleDunk-v0,-4.0,2.0,-0.0880149812734,0.972118185601,18,750,535
66,2,200,Hero-v0,0.0,0.0,0.0,0.0,3,750,521
67,2,200,BattleZone-v0,0.0,1000.0,101.727447217,0.0904243975261,4,750,530
68,2,200,Freeway-v0,0.0,2.0,0.0301886792453,0.0134171907757,22,751,530
69,2,200,Alien-v0,0.0,140.0,87.0566037736,0.76005647542,6,751,531
70,2,200,Frostbite-v0,0.0,80.0,5.72504708098,0.125130780498,18,751,520
71,2,200,Boxing-v0,-19.0,3.0,-1.41730769231,0.936822773186,5,751,511
72,2,200,Bowling-v0,0.0,0.0,0.0,0.0,3,750,516
73,2,200,Frostbite-v0,0.0,40.0,4.6511627907,0.106804478898,18,751,508
74,2,200,ChopperCommand-v0,0.0,600.0,142.716535433,0.48741129581,5,751,509
75,2,200,Freeway-v0,0.0,2.0,0.0432220039293,0.0192097795241,7,750,504
76,2,200,Boxing-v0,-19.0,3.0,-0.813492063492,0.953211771394,13,750,511
77,2,200,Bowling-v0,0.0,0.0,0.0,0.0,3,750,505
78,2,200,Hero-v0,0.0,0.0,0.0,0.0,3,751,512
79,2,200,BattleZone-v0,0.0,1000.0,23.4375,0.0208333333333,4,750,516
80,2,200,DoubleDunk-v0,-2.0,2.0,-0.031007751938,0.871662360034,15,750,521
81,2,200,Alien-v0,0.0,160.0,95.009596929,0.804489230113,6,750,531
82,2,200,Bowling-v0,0.0,0.0,0.0,0.0,3,751,528
83,2,200,Alien-v0,0.0,160.0,110.113636364,0.880550294613,65,750,521
84,2,200,Freeway-v0,0.0,2.0,0.0115163147793,0.00511836212412,5,750,516
85,2,200,ChopperCommand-v0,0.0,600.0,147.674418605,0.492870131113,36,751,517
86,2,200,BattleZone-v0,0.0,1000.0,40.6189555126,0.0361057382334,4,750,517
87,2,200,Hero-v0,0.0,0.0,0.0,0.0,3,750,511
88,2,200,Frostbite-v0,0.0,80.0,3.75733855186,0.0837138508371,6,750,517
89,2,200,DoubleDunk-v0,-2.0,2.0,-0.0502901353965,0.864818396733,6,750,523
90,2,200,Boxing-v0,-19.0,3.0,-0.959847036329,0.950678346124,5,750,520
91,3,200,Frostbite-v0,0.0,80.0,3.03846153846,0.0637820512821,17,750,514
92,3,200,ChopperCommand-v0,0.0,600.0,160.894941634,0.536100302637,36,750,507
93,3,200,BankHeist-v0,0.0,10.0,0.0197238658777,0.00175323252246,10,751,527
94,3,200,Alien-v0,0.0,160.0,97.9696394687,0.807229074425,24,750,513
95,3,200,BattleZone-v0,0.0,1000.0,64.3274853801,0.0571799870045,4,751,511
96,3,200,Asteroids-v0,0.0,330.0,24.4618395303,0.157456675514,5,750,505
97,3,200,DoubleDunk-v0,-2.0,2.0,-0.0633663366337,0.859405940594,6,750,506
98,3,200,Boxing-v0,-20.0,3.0,-1.34980237154,0.940909049399,5,751,497
99,3,200,Centipede-v0,0.0,1500.0,146.476861167,0.207171732817,34,750,501
100,3,200,Frostbite-v0,0.0,80.0,5.34930139721,0.116766467066,6,750,499
101,3,200,BattleZone-v0,0.0,1000.0,72.1442885772,0.064128256513,4,751,485
102,3,200,ChopperCommand-v0,0.0,600.0,138.762886598,0.469797632684,5,750,488
103,3,200,Boxing-v0,-19.0,3.0,-0.774590163934,0.955576630688,5,751,485
104,3,200,Asteroids-v0,0.0,260.0,31.2164948454,0.235927258925,5,750,491
105,3,200,Centipede-v0,0.0,2130.0,155.120162933,0.162575239178,68,751,492
106,3,200,DoubleDunk-v0,-4.0,2.0,-0.0914634146341,0.972197129379,6,750,487
107,3,200,BankHeist-v0,0.0,0.0,0.0,0.0,3,750,502
108,3,200,Alien-v0,0.0,160.0,104.84063745,0.810826139885,65,750,501
109,3,200,Boxing-v0,-19.0,3.0,-2.04590818363,0.901821700951,5,751,507
110,3,200,Asteroids-v0,0.0,280.0,29.8027613412,0.204917996127,5,751,503
111,3,200,ChopperCommand-v0,0.0,600.0,169.383697813,0.553714748546,46,750,487
112,3,200,BattleZone-v0,0.0,1000.0,26.6940451745,0.0237280401551,6,750,491
113,3,200,Centipede-v0,0.0,2031.0,175.810590631,0.195371482895,20,750,491
114,3,200,Frostbite-v0,0.0,80.0,4.84725050916,0.105114279249,6,750,494
115,3,200,BankHeist-v0,0.0,10.0,0.0202429149798,0.00179937022042,30,750,491
116,3,200,Alien-v0,0.0,140.0,101.283095723,0.713763849056,29,750,488
117,3,200,DoubleDunk-v0,-4.0,2.0,-0.186475409836,0.957700870269,6,751,489
118,3,200,Alien-v0,0.0,160.0,118.486707566,0.859122926608,65,750,499
119,3,200,Frostbite-v0,0.0,80.0,7.17434869739,0.148073925629,6,751,500
120,3,200,BankHeist-v0,0.0,10.0,0.06,0.00533333333333,32,750,506
121,3,200,BattleZone-v0,0.0,1000.0,61.2648221344,0.054457619675,4,750,490
122,3,200,Boxing-v0,-25.0,3.0,-2.98367346939,0.914017307603,5,751,493
123,3,200,Asteroids-v0,0.0,260.0,26.1866125761,0.205597630469,6,751,491
124,3,200,ChopperCommand-v0,0.0,600.0,139.103869654,0.46063714767,6,751,481
125,3,200,DoubleDunk-v0,-6.0,2.0,-0.237006237006,0.982328482328,6,750,475
126,3,200,Centipede-v0,0.0,1247.0,183.665263158,0.310092331201,6,750,468
127,3,200,Boxing-v0,-19.0,3.0,-0.897435897436,0.955130167251,5,750,456
128,3,200,ChopperCommand-v0,0.0,600.0,153.947368421,0.508555338965,46,751,470
129,3,200,Frostbite-v0,0.0,70.0,3.21276595745,0.0759974911951,67,750,468
130,3,200,BankHeist-v0,0.0,10.0,0.0641025641026,0.00569800569801,30,751,471
131,3,200,Centipede-v0,0.0,1931.0,200.029723992,0.230088537298,45,750,471
132,3,200,Asteroids-v0,0.0,310.0,33.5668789809,0.216356762524,117,751,473
133,3,200,Alien-v0,0.0,140.0,87.1035940803,0.666906367903,9,750,484
134,3,200,DoubleDunk-v0,-2.0,2.0,-0.113636363636,0.834940312213,26,750,470
135,3,200,BattleZone-v0,0.0,1000.0,42.5531914894,0.0378250591017,4,751,483
136,4,200,Atlantis-v0,0.0,400.0,1.65631469979,0.00552104899931,6,751,477
137,4,200,Centipede-v0,0.0,1931.0,259.601677149,0.286321965508,45,751,482
138,4,200,Alien-v0,0.0,160.0,92.1161825726,0.694156293223,65,751,484
139,4,200,Gravitar-v0,0.0,0.0,0.0,0.0,4,750,485
140,4,200,Boxing-v0,-19.0,1.0,-1.38969072165,0.913035509737,45,751,481
141,4,200,DoubleDunk-v0,-2.0,2.0,-0.0748440748441,0.853776853777,6,750,478
142,4,200,ChopperCommand-v0,0.0,600.0,149.163179916,0.498166227594,46,751,471
143,4,200,Asteroids-v0,0.0,460.0,34.2675159236,0.161367729932,60,751,472
144,4,200,FishingDerby-v0,-6.0,4.0,-5.93644067797,0.00775894538606,72,751,468
145,4,200,Boxing-v0,-19.0,1.0,-0.730769230769,0.91967711301,45,751,471
146,4,200,Atlantis-v0,0.0,100.0,0.212314225053,0.00188723755603,6,751,481
147,4,200,Gravitar-v0,0.0,0.0,0.0,0.0,3,750,477
148,4,200,Asteroids-v0,0.0,460.0,52.8721174004,0.247056248863,60,750,487
149,4,200,FishingDerby-v0,-6.0,4.0,-5.95893223819,0.00365046771618,13,750,482
150,4,200,ChopperCommand-v0,0.0,600.0,140.041493776,0.463091030173,46,750,485
151,4,200,Centipede-v0,0.0,1641.0,245.643298969,0.304149546758,6,751,490
152,4,200,Alien-v0,0.0,160.0,98.5714285714,0.748639455782,78,751,481
153,4,200,DoubleDunk-v0,-2.0,2.0,-0.0686070686071,0.854931854932,6,750,482
154,4,200,Centipede-v0,0.0,1641.0,269.502074689,0.343263269684,45,751,485
155,4,200,Asteroids-v0,0.0,460.0,56.5154639175,0.261925394691,16,750,467
156,4,200,Gravitar-v0,0.0,0.0,0.0,0.0,7,750,475
157,4,200,FishingDerby-v0,-6.0,4.0,-5.97894736842,0.00187134502924,13,751,469
158,4,200,Alien-v0,0.0,160.0,98.0597014925,0.728574389955,65,750,479
159,4,200,ChopperCommand-v0,0.0,600.0,137.369519833,0.463104719194,46,750,481
160,4,200,Boxing-v0,-19.0,3.0,-0.673596673597,0.961067870159,3,751,485
161,4,200,DoubleDunk-v0,-4.0,0.0,-0.0659793814433,0.887056128293,3,751,491
162,4,200,Atlantis-v0,0.0,200.0,2.85132382892,0.0126725503508,42,750,477
163,4,200,Boxing-v0,-19.0,1.0,-0.696016771488,0.916925227114,13,751,490
164,4,200,Atlantis-v0,0.0,200.0,2.44897959184,0.0108843537415,30,750,478
165,4,200,ChopperCommand-v0,0.0,300.0,155.439330544,0.715946071595,65,751,484
166,4,200,DoubleDunk-v0,-2.0,0.0,-0.0867768595041,0.850321395776,3,750,486
167,4,200,Alien-v0,0.0,160.0,109.465020576,0.808213305898,65,751,483
168,4,200,Gravitar-v0,0.0,250.0,0.517598343685,0.00184034966644,33,750,477
169,4,200,FishingDerby-v0,-6.0,4.0,-5.96226415094,0.004845096669,13,751,474
170,4,200,Centipede-v0,0.0,1931.0,218.512658228,0.250772462127,9,750,464
171,4,200,Asteroids-v0,0.0,460.0,59.0732758621,0.272066865118,60,751,456
172,4,200,Atlantis-v0,0.0,200.0,0.877192982456,0.00389863547758,30,750,462
173,4,200,DoubleDunk-v0,-2.0,2.0,-0.0324675324675,0.868927368927,6,750,471
174,4,200,ChopperCommand-v0,0.0,600.0,138.21656051,0.469712458389,109,751,472
175,4,200,Gravitar-v0,0.0,250.0,0.529661016949,0.00188323917137,33,751,473
176,4,200,Asteroids-v0,0.0,460.0,57.4841437632,0.270090894437,60,751,477
177,4,200,Centipede-v0,0.0,1931.0,235.524109015,0.264340079525,45,750,486
178,4,200,Alien-v0,0.0,140.0,102.633744856,0.712036803748,65,750,485
179,4,200,Boxing-v0,-19.0,3.0,-1.04948453608,0.939312525442,5,750,479
180,4,200,FishingDerby-v0,-6.0,4.0,-5.96659707724,0.00385989329622,15,750,467
181,5,200,ChopperCommand-v0,0.0,600.0,140.042826552,0.475216115473,71,751,479
182,5,200,DoubleDunk-v0,-2.0,2.0,-0.0480167014614,0.865924379494,6,750,474
183,5,200,Bowling-v0,0.0,0.0,0.0,0.0,3,750,465
184,5,200,BankHeist-v0,0.0,10.0,0.0860215053763,0.00764635603345,30,751,470
185,5,200,Hero-v0,0.0,75.0,0.31914893617,0.00378250591017,148,750,480
186,5,200,Alien-v0,0.0,160.0,113.3125,0.824898726852,65,751,473
187,5,200,Centipede-v0,0.0,1931.0,322.871035941,0.306263080776,45,751,489
188,5,200,Boxing-v0,-19.0,3.0,-0.453987730061,0.966136546728,5,751,494
189,5,200,Asteroids-v0,0.0,490.0,65.7287449393,0.284016462626,60,751,505
190,5,200,Alien-v0,0.0,160.0,116.95049505,0.841144114411,65,750,505
191,5,200,BankHeist-v0,0.0,10.0,0.0990099009901,0.00880088008801,30,750,498
192,5,200,DoubleDunk-v0,-2.0,2.0,-0.0883534136546,0.847835787595,6,751,481
193,5,200,ChopperCommand-v0,0.0,600.0,152.182952183,0.514360514361,71,751,494
194,5,200,Centipede-v0,0.0,1931.0,265.174089069,0.282803675119,13,751,481
195,5,200,Asteroids-v0,0.0,490.0,83.0977130977,0.347021804748,37,750,480
196,5,200,Bowling-v0,0.0,0.0,0.0,0.0,3,751,486
197,5,200,Boxing-v0,-19.0,3.0,-1.38888888889,0.924954747626,5,750,471
198,5,200,Hero-v0,0.0,75.0,0.15923566879,0.00188723755603,148,750,475
199,5,200,Alien-v0,0.0,140.0,110.021052632,0.746704857382,5,751,484
200,5,200,BankHeist-v0,0.0,10.0,0.0413223140496,0.00367309458219,30,751,485
201,5,200,Centipede-v0,0.0,1931.0,223.622680412,0.255119686958,45,751,476
202,5,200,Bowling-v0,0.0,0.0,0.0,0.0,7,751,484
203,5,200,DoubleDunk-v0,-2.0,2.0,-0.0495867768595,0.865013774105,6,750,482
204,5,200,Hero-v0,0.0,75.0,0.155601659751,0.00184416781927,148,751,479
205,5,200,Boxing-v0,-19.0,3.0,-0.885177453027,0.950188926655,5,751,481
206,5,200,ChopperCommand-v0,0.0,600.0,154.054054054,0.516413849747,71,751,483
207,5,200,Asteroids-v0,0.0,490.0,71.7598343685,0.306338120944,37,751,490
208,5,200,ChopperCommand-v0,0.0,600.0,173.265306122,0.574048878811,71,750,491
209,5,200,Hero-v0,0.0,75.0,0.152749490835,0.00181036433582,148,751,491
210,5,200,Centipede-v0,0.0,1931.0,243.00610998,0.271376879553,45,751,493
211,5,200,Alien-v0,0.0,160.0,100.750507099,0.749901397341,65,751,487
212,5,200,Bowling-v0,0.0,0.0,0.0,0.0,7,751,478
213,5,200,Asteroids-v0,0.0,490.0,69.1841004184,0.298669138905,37,750,475
214,5,200,BankHeist-v0,0.0,10.0,0.0842105263158,0.00748538011696,148,750,486
215,5,200,Boxing-v0,-19.0,3.0,-0.534979423868,0.961655462217,5,751,485
216,5,200,DoubleDunk-v0,-2.0,2.0,-0.0680412371134,0.855211912944,6,751,482
217,5,200,Centipede-v0,0.0,1931.0,251.334024896,0.284946917357,45,751,479
218,5,200,Bowling-v0,0.0,0.0,0.0,0.0,3,750,484
219,5,200,DoubleDunk-v0,-2.0,2.0,-0.0454545454545,0.865013774105,6,750,490
220,5,200,BankHeist-v0,0.0,10.0,0.0612244897959,0.00544217687075,30,751,500
221,5,200,Alien-v0,0.0,160.0,91.6,0.671055555556,65,751,495
222,5,200,Asteroids-v0,0.0,490.0,75.2525252525,0.320310233624,37,751,485
223,5,200,Boxing-v0,-19.0,3.0,-0.721649484536,0.954277545843,5,751,473
224,5,200,Hero-v0,0.0,0.0,0.0,0.0,3,751,484
225,5,200,ChopperCommand-v0,0.0,600.0,127.892561983,0.43628201204,14,750,490
226,6,500,Centipede-v0,0.0,3663.0,652.375510204,0.370411166038,27,751,483
227,6,500,Freeway-v0,0.0,5.0,0.0310559006211,0.00552104899931,7,751,477
228,6,500,Asteroids-v0,0.0,780.0,192.368972746,0.500406376878,14,750,492
229,6,500,DoubleDunk-v0,-4.0,2.0,-0.0528455284553,0.978219411824,3,751,489
230,6,500,Alien-v0,0.0,140.0,102.331288344,0.708855594044,21,750,503
231,6,500,Boxing-v0,-38.0,-1.0,-5.71172962227,0.931990396716,99,751,502
232,6,500,FishingDerby-v0,-24.0,-12.0,-18.796812749,0.772613250701,46,750,491
233,6,500,ChopperCommand-v0,0.0,600.0,183.095723014,0.580925800206,30,750,489
234,6,500,Bowling-v0,0.0,3.0,0.0429447852761,0.0127243808225,6,751,487
235,6,500,ChopperCommand-v0,0.0,600.0,219.917864476,0.663776713058,30,751,486
236,6,500,Alien-v0,0.0,140.0,102.407407407,0.734469919655,21,751,487
237,6,500,Boxing-v0,-38.0,2.0,-5.73305954825,0.97151266256,14,750,486
238,6,500,Asteroids-v0,0.0,730.0,166.193415638,0.46187218473,14,750,494
239,6,500,FishingDerby-v0,-24.0,-15.0,-18.9129554656,0.876248868452,153,751,495
240,6,500,DoubleDunk-v0,-2.0,0.0,-0.040404040404,0.870931537598,3,751,503
241,6,500,Bowling-v0,0.0,3.0,0.0596421471173,0.017671747294,18,751,506
242,6,500,Freeway-v0,0.0,5.0,0.0573122529644,0.0107509881423,7,751,496
243,6,500,Centipede-v0,51.0,3300.0,997.217741935,0.5324840324,51,751,491
244,6,500,ChopperCommand-v0,0.0,500.0,171.079429735,0.581923512107,13,751,478
245,6,500,Asteroids-v0,0.0,630.0,186.338912134,0.550756976517,30,750,480
246,6,500,FishingDerby-v0,-24.0,-18.0,-18.8541666667,0.846502057613,3,750,483
247,6,500,Boxing-v0,-38.0,-2.0,-6.34782608696,0.935357717966,18,750,491
248,6,500,Bowling-v0,0.0,3.0,0.0366598778004,0.0108621860149,8,750,487
249,6,500,DoubleDunk-v0,-2.0,0.0,-0.0533880903491,0.865160848734,7,750,490
250,6,500,Freeway-v0,0.0,5.0,0.030612244898,0.00544217687075,7,750,490
251,6,500,Centipede-v0,10.0,2807.0,626.942857143,0.411167093468,29,751,477
252,6,500,Alien-v0,0.0,140.0,96.7295597484,0.652566826871,21,751,478
253,6,500,Bowling-v0,0.0,3.0,0.0125523012552,0.00371920037192,8,750,486
254,6,500,ChopperCommand-v0,0.0,800.0,175.925925926,0.468621399177,30,751,489
255,6,500,FishingDerby-v0,-24.0,-11.0,-18.7873210634,0.752373384747,6,750,500
256,6,500,DoubleDunk-v0,-2.0,0.0,-0.084,0.851555555556,3,750,493
257,6,500,Centipede-v0,0.0,3936.0,749.551724138,0.390085070298,60,750,492
258,6,500,Alien-v0,0.0,140.0,80.8333333333,0.56375937909,21,751,486
259,6,500,Asteroids-v0,0.0,610.0,168.251028807,0.527706966491,60,751,491
260,6,500,Freeway-v0,0.0,5.0,0.071283095723,0.0126725503508,7,751,486
261,6,500,Boxing-v0,-38.0,-1.0,-6.41152263374,0.93722818581,67,750,480
262,6,500,FishingDerby-v0,-24.0,-10.0,-18.9208333333,0.689909297052,6,750,492
263,6,500,Asteroids-v0,0.0,630.0,166.016260163,0.5168383791,45,751,495
264,6,500,Freeway-v0,0.0,5.0,0.131313131313,0.0233445566779,7,750,488
265,6,500,DoubleDunk-v0,-2.0,0.0,-0.106557377049,0.841530054645,3,750,480
266,6,500,Centipede-v0,0.0,3270.0,1052.48541667,0.573942176931,136,751,479
267,6,500,ChopperCommand-v0,0.0,600.0,155.114822547,0.495889069306,227,751,489
268,6,500,Alien-v0,0.0,140.0,103.312883436,0.702808730854,67,750,498
269,6,500,Boxing-v0,-38.0,-1.0,-5.22489959839,0.950188873341,70,751,502
270,6,500,Bowling-v0,0.0,3.0,0.0239043824701,0.00708277999115,9,751,514
271,7,500,ChopperCommand-v0,0.0,1000.0,193.385214008,0.429571984436,55,750,519
272,7,500,Boxing-v0,-38.0,-1.0,-5.79961464355,0.9506122276,20,751,516
273,7,500,BattleZone-v0,0.0,5000.0,89.1472868217,0.0260465116279,6,751,512
274,7,500,Frostbite-v0,0.0,160.0,14.55078125,0.161878797743,27,751,512
275,7,500,FishingDerby-v0,-26.0,-18.0,-18.78515625,0.881293402778,77,750,510
276,7,500,Asteroids-v0,0.0,660.0,167.529411765,0.507434415456,6,751,487
277,7,500,Alien-v0,0.0,140.0,98.9117043121,0.664459623685,67,750,498
278,7,500,Atlantis-v0,1500.0,4500.0,1519.07630522,0.00898011800288,152,750,486
279,7,500,DoubleDunk-v0,-2.0,0.0,-0.139917695473,0.826703246456,3,750,487
280,7,500,DoubleDunk-v0,-6.0,0.0,-0.0739219712526,0.889294496413,3,751,493
281,7,500,Frostbite-v0,0.0,170.0,13.4482758621,0.150549055481,55,751,491
282,7,500,FishingDerby-v0,-24.0,-13.0,-18.6476578411,0.842881696057,43,750,492
283,7,500,Boxing-v0,-38.0,0.0,-6.07926829268,0.95864393547,20,750,494
284,7,500,ChopperCommand-v0,0.0,1000.0,164.170040486,0.364552406658,44,750,490
285,7,500,Alien-v0,0.0,140.0,118.142857143,0.782896015549,20,751,493
286,7,500,Asteroids-v0,0.0,660.0,217.342799189,0.606256802458,6,750,490
287,7,500,Atlantis-v0,1500.0,4900.0,1521.02040816,0.0114179004935,5,750,484
288,7,500,BattleZone-v0,0.0,5000.0,165.289256198,0.0423140495868,27,751,502
289,7,500,Frostbite-v0,0.0,180.0,19.1035856574,0.187802971926,137,751,485
290,7,500,Boxing-v0,-38.0,0.0,-6.05773195876,0.949689833192,20,751,497
291,7,500,Atlantis-v0,1500.0,4700.0,1530.38229376,0.0137526548178,184,751,484
292,7,500,FishingDerby-v0,-24.0,-12.0,-18.8223140496,0.782675237221,77,750,489
293,7,500,Asteroids-v0,0.0,660.0,198.486707566,0.581816178767,6,750,487
294,7,500,DoubleDunk-v0,-4.0,0.0,-0.0533880903491,0.887063655031,7,751,482
295,7,500,BattleZone-v0,0.0,5000.0,182.572614108,0.0501613646842,6,751,479
296,7,500,Alien-v0,0.0,140.0,105.365344468,0.698810352255,21,750,478
297,7,500,ChopperCommand-v0,0.0,1000.0,168.20083682,0.377350069735,55,751,483
298,7,500,BattleZone-v0,0.0,5000.0,254.658385093,0.0676512537382,41,750,478
299,7,500,DoubleDunk-v0,-6.0,0.0,-0.0962343096234,0.887029288703,3,751,479
300,7,500,Asteroids-v0,20.0,660.0,201.482254697,0.558041021515,6,750,475
301,7,500,ChopperCommand-v0,0.0,1000.0,184.210526316,0.406755555556,55,751,475
302,7,500,Boxing-v0,-38.0,0.0,-5.88631578947,0.954074938038,20,750,482
303,7,500,FishingDerby-v0,-24.0,-6.0,-18.7800829876,0.606981655084,32,751,476
304,7,500,Atlantis-v0,1500.0,3100.0,1519.95798319,0.0195348972923,58,751,483
305,7,500,Frostbite-v0,0.0,180.0,45.6107660455,0.40467244332,36,750,481
306,7,500,Alien-v0,0.0,140.0,103.305613306,0.67550124693,21,750,477
307,7,500,Boxing-v0,-38.0,0.0,-6.40461215933,0.929787781824,20,751,491
308,7,500,Atlantis-v0,1500.0,4700.0,1517.31160896,0.00948673342385,12,750,500
309,7,500,ChopperCommand-v0,0.0,1000.0,169.2,0.380231111111,55,750,489
310,7,500,FishingDerby-v0,-24.0,-6.0,-18.8445807771,0.599930992115,32,750,488
311,7,500,DoubleDunk-v0,-10.0,2.0,-0.122950819672,0.983808945558,117,751,505
312,7,500,Asteroids-v0,20.0,660.0,212.574257426,0.570629641089,6,750,492
313,7,500,Alien-v0,0.0,140.0,108.272357724,0.719318621758,21,750,492
314,7,500,Frostbite-v0,0.0,180.0,13.4552845528,0.161017988781,191,751,485
315,7,500,BattleZone-v0,0.0,5000.0,230.927835052,0.0677388316151,12,751,487
316,8,500,Alien-v0,0.0,140.0,117.248459959,0.766188474021,20,750,495
317,8,500,Boxing-v0,-38.0,0.0,-9.22424242424,0.854660486055,20,751,491
318,8,500,Asteroids-v0,20.0,830.0,243.890020367,0.514014612946,77,750,490
319,8,500,ChopperCommand-v0,0.0,1000.0,177.755102041,0.384725623583,80,751,494
320,8,500,FishingDerby-v0,-24.0,-6.0,-18.7732793522,0.608498136763,36,750,500
321,8,500,DoubleDunk-v0,-2.0,2.0,-0.044,0.867555555556,117,751,486
322,8,500,Bowling-v0,0.0,3.0,0.0864197530864,0.0256058527663,9,750,492
323,8,500,Hero-v0,0.0,0.0,0.0,0.0,7,751,496
324,8,500,Centipede-v0,10.0,3270.0,954.77016129,0.519757981888,13,750,474
325,8,500,DoubleDunk-v0,-10.0,2.0,-0.210970464135,0.979319685367,55,751,483
326,8,500,Hero-v0,0.0,2770.0,11.4699792961,0.00368069933287,22,750,469
327,8,500,Centipede-v0,10.0,3020.0,849.784648188,0.506523185308,13,751,478
328,8,500,Alien-v0,0.0,140.0,92.3221757322,0.640461484454,21,751,496
329,8,500,FishingDerby-v0,-24.0,-18.0,-18.7217741935,0.851055356432,7,751,492
330,8,500,Bowling-v0,0.0,3.0,0.0853658536585,0.0252935862692,9,750,493
331,8,500,ChopperCommand-v0,0.0,1000.0,151.521298174,0.322596348884,55,751,500
332,8,500,Asteroids-v0,0.0,830.0,197.7,0.47870169836,77,751,487
333,8,500,Boxing-v0,-38.0,0.0,-7.03080082136,0.951523229703,36,750,488
334,8,500,Alien-v0,0.0,140.0,111.18852459,0.737519051336,40,750,485
335,8,500,DoubleDunk-v0,-8.0,0.0,-0.235051546392,0.884536082474,7,751,483
336,8,500,FishingDerby-v0,-24.0,-18.0,-18.6480331263,0.858625361041,36,750,480
337,8,500,Asteroids-v0,0.0,830.0,224.583333333,0.539582694903,77,750,480
338,8,500,Bowling-v0,0.0,3.0,0.09375,0.0277777777778,9,751,481
339,8,500,Boxing-v0,-38.0,0.0,-5.87525987526,0.955099570058,6,750,484
340,8,500,ChopperCommand-v0,0.0,1000.0,180.785123967,0.405730027548,55,751,476
341,8,500,Centipede-v0,0.0,3270.0,634.056722689,0.381575367702,13,750,489
342,8,500,Hero-v0,0.0,2770.0,16.9938650307,0.0054533060668,329,751,495
343,8,500,Alien-v0,0.0,140.0,106.888888889,0.711807416569,21,751,485
344,8,500,Centipede-v0,60.0,3270.0,542.288659794,0.295118251053,13,750,487
345,8,500,Asteroids-v0,0.0,830.0,175.831622177,0.446073748496,87,751,488
346,8,500,DoubleDunk-v0,-6.0,2.0,-0.184426229508,0.982012750455,7,750,489
347,8,500,Hero-v0,0.0,2770.0,11.226993865,0.00366716454882,13,750,474
348,8,500,Boxing-v0,-38.0,0.0,-6.3417721519,0.948882681201,6,750,496
349,8,500,ChopperCommand-v0,0.0,1000.0,178.225806452,0.39376344086,55,750,488
350,8,500,Bowling-v0,0.0,3.0,0.0676229508197,0.0200364298725,9,751,500
351,8,500,FishingDerby-v0,-24.0,-18.0,-18.938,0.82350617284,28,751,487
352,8,500,FishingDerby-v0,-24.0,-6.0,-18.4291581109,0.644825828186,28,751,490
353,8,500,ChopperCommand-v0,0.0,1000.0,178.979591837,0.38356462585,55,750,485
354,8,500,Boxing-v0,-38.0,0.0,-6.78350515464,0.950903212091,6,751,500
355,8,500,Asteroids-v0,20.0,730.0,194.86,0.480853093522,77,751,493
356,8,500,Centipede-v0,1.0,3323.0,1273.67139959,0.678951647103,18,750,501
357,8,500,DoubleDunk-v0,-2.0,2.0,-0.0359281437126,0.871146595698,117,751,486
358,8,500,Bowling-v0,0.0,3.0,0.0617283950617,0.0182898948331,9,751,482
359,8,500,Hero-v0,0.0,2770.0,34.6369294606,0.0112121000232,21,751,486
360,8,500,Alien-v0,0.0,140.0,109.176954733,0.737605330198,21,751,482
361,9,500,Asteroids-v0,0.0,830.0,205.746887967,0.507868933448,77,750,466
362,9,500,Atlantis-v0,500.0,4700.0,1572.74678112,0.550061258011,12,750,472
363,9,500,BankHeist-v0,0.0,10.0,0.148305084746,0.0131826741996,65,750,472
364,9,500,Alien-v0,0.0,140.0,118.13559322,0.784273031246,21,751,475
365,9,500,DoubleDunk-v0,-4.0,2.0,-0.0673684210526,0.973515269656,117,750,474
366,9,500,Centipede-v0,0.0,3323.0,715.974683544,0.408495757674,18,751,478
367,9,500,Frostbite-v0,0.0,180.0,16.3807531381,0.183916754194,191,750,489
368,9,500,Boxing-v0,-38.0,0.0,-6.59304703476,0.936347254244,6,751,487
369,9,500,FishingDerby-v0,-24.0,-6.0,-18.7905544148,0.604084805773,10,751,487
370,9,500,DoubleDunk-v0,-6.0,2.0,-0.041067761807,0.995436915355,117,751,487
371,9,500,FishingDerby-v0,-24.0,-6.0,-18.568788501,0.630404227332,28,750,475
372,9,500,Boxing-v0,-38.0,0.0,-5.93052631579,0.959331292219,6,750,481
373,9,500,Alien-v0,0.0,140.0,109.168399168,0.720532149104,21,751,484
374,9,500,Frostbite-v0,0.0,180.0,14.2355371901,0.156242560283,191,750,484
375,9,500,Atlantis-v0,0.0,4900.0,1623.76033058,0.663454047499,50,750,492
376,9,500,Asteroids-v0,0.0,830.0,177.317073171,0.452622125292,77,751,475
377,9,500,Centipede-v0,0.0,4120.0,693.562105263,0.343984193493,202,751,472
378,9,500,BankHeist-v0,0.0,30.0,0.338983050847,0.0209248796819,202,750,485
379,9,500,Atlantis-v0,0.0,4900.0,1772.98969072,0.683031936388,50,751,478
380,9,500,Alien-v0,0.0,140.0,104.016736402,0.702283702881,21,751,481
381,9,500,DoubleDunk-v0,-2.0,2.0,-0.120582120582,0.831600831601,49,751,477
382,9,500,Asteroids-v0,0.0,830.0,219.958071279,0.540062432888,77,751,485
383,9,500,FishingDerby-v0,-24.0,-6.0,-18.9051546392,0.594357473166,4,750,495
384,9,500,Boxing-v0,-38.0,0.0,-7.27272727273,0.940552337782,4,751,482
385,9,500,Frostbite-v0,0.0,180.0,18.6929460581,0.200581709726,191,751,483
386,9,500,BankHeist-v0,0.0,10.0,0.103519668737,0.00920174833218,25,751,482
387,9,500,Centipede-v0,60.0,4120.0,925.043568465,0.433122589197,202,751,485
388,9,500,Centipede-v0,50.0,4120.0,1174.45979381,0.549911522063,202,751,482
389,9,500,DoubleDunk-v0,-2.0,2.0,-0.0497925311203,0.8612263716,117,751,480
390,9,500,Boxing-v0,-38.0,-3.0,-6.76666666667,0.911661375661,55,751,484
391,9,500,Atlantis-v0,700.0,5300.0,1741.11570248,0.470531053793,275,751,487
392,9,500,FishingDerby-v0,-24.0,-18.0,-18.8090349076,0.835348695718,7,750,482
393,9,500,Alien-v0,0.0,140.0,75.1037344398,0.499317846087,21,750,484
394,9,500,BankHeist-v0,0.0,0.0,0.0,0.0,7,750,487
395,9,500,Asteroids-v0,0.0,830.0,238.706365503,0.571188508684,77,751,481
396,9,500,Frostbite-v0,0.0,180.0,41.0395010395,0.387281868763,191,750,478
397,9,500,Frostbite-v0,0.0,180.0,66.4435146444,0.609581532563,191,751,507
398,9,500,BankHeist-v0,0.0,20.0,0.0591715976331,0.00350646504493,202,751,494
399,9,500,Alien-v0,0.0,140.0,100.101214575,0.664959101049,21,751,489
400,9,500,FishingDerby-v0,-24.0,-6.0,-18.8425357873,0.600536915011,16,750,498
401,9,500,Centipede-v0,10.0,4122.0,807.21686747,0.402310162187,61,750,498
402,9,500,Atlantis-v0,1500.0,5600.0,1787.14859438,0.09480980303,52,751,489
403,9,500,Boxing-v0,-45.0,0.0,-13.1942740286,0.873858410406,16,750,490
404,9,500,Asteroids-v0,20.0,830.0,188.816326531,0.441025630391,77,750,490
405,9,500,DoubleDunk-v0,-4.0,0.0,-0.10612244898,0.887074829932,117,751,491
406,10,500,Bowling-v0,0.0,3.0,0.0366598778004,0.0108621860149,9,751,497
407,10,500,FishingDerby-v0,-24.0,-6.0,-18.7826961771,0.606746100747,16,750,495
408,10,500,DoubleDunk-v0,-2.0,2.0,-0.105050505051,0.840404040404,117,751,491
409,10,500,BattleZone-v0,0.0,5000.0,309.572301426,0.0782077393075,12,750,490
410,10,500,Atlantis-v0,0.0,5600.0,1683.26530612,0.615195057615,52,751,489
411,10,500,Asteroids-v0,20.0,830.0,216.54396728,0.482045049342,77,750,491
412,10,500,Alien-v0,0.0,140.0,106.089613035,0.71982302765,27,751,500
413,10,500,Boxing-v0,-38.0,0.0,-7.484,0.926192674669,4,750,497
414,10,500,Hero-v0,0.0,2770.0,39.014084507,0.0125195618153,206,750,487
415,10,500,Asteroids-v0,0.0,830.0,221.416837782,0.536180793534,77,750,488
416,10,500,Boxing-v0,-38.0,0.0,-6.91393442623,0.93367442189,4,751,507
417,10,500,Atlantis-v0,0.0,5500.0,1583.62919132,0.607082697153,62,750,507
418,10,500,BattleZone-v0,0.0,5000.0,289.940828402,0.0689371027833,12,750,500
419,10,500,Alien-v0,0.0,140.0,109.48,0.727365079365,6,750,485
420,10,500,DoubleDunk-v0,-6.0,2.0,-0.113402061856,0.991237113402,4,751,483
421,10,500,FishingDerby-v0,-24.0,-6.0,-18.8612836439,0.597704674999,4,751,490
422,10,500,Hero-v0,0.0,2815.0,39.7346938776,0.013032661427,41,750,485
423,10,500,Bowling-v0,0.0,3.0,0.0432989690722,0.0128293241695,9,750,477
424,10,500,FishingDerby-v0,-24.0,-6.0,-18.6939203354,0.613045066186,4,751,480
425,10,500,Alien-v0,0.0,140.0,110.041666667,0.732577475435,27,750,477
426,10,500,Atlantis-v0,0.0,5600.0,1890.35639413,0.642680062941,52,751,458
427,10,500,BattleZone-v0,0.0,5000.0,222.707423581,0.068161086851,12,751,466
428,10,500,DoubleDunk-v0,-4.0,2.0,-0.068669527897,0.974937741747,117,751,467
429,10,500,Bowling-v0,0.0,3.0,0.0578158458244,0.017130620985,117,750,470
430,10,500,Asteroids-v0,20.0,610.0,170.340425532,0.496740495347,77,751,485
431,10,500,Boxing-v0,-38.0,0.0,-7.49484536082,0.932545144739,33,750,473
432,10,500,Hero-v0,0.0,2815.0,35.1479915433,0.0114451879866,41,750,462
433,10,500,Boxing-v0,-38.0,0.0,-5.93073593074,0.943411159478,6,750,474
434,10,500,Atlantis-v0,1500.0,5600.0,1731.64556962,0.0805472374987,52,751,474
435,10,500,Hero-v0,0.0,2770.0,29.135021097,0.00940276302108,21,750,473
436,10,500,DoubleDunk-v0,-6.0,2.0,-0.0676532769556,0.993892412497,117,750,462
437,10,500,BattleZone-v0,0.0,6000.0,227.272727273,0.0607129496018,97,751,473
438,10,500,FishingDerby-v0,-24.0,-6.0,-18.8181818182,0.602452895304,33,750,483
439,10,500,Alien-v0,0.0,190.0,106.086956522,0.781715284907,262,751,477
440,10,500,Asteroids-v0,0.0,830.0,196.394129979,0.492880127686,126,751,468
441,10,500,Bowling-v0,0.0,3.0,0.0705128205128,0.0208926875594,10,750,469
442,10,500,DoubleDunk-v0,-2.0,0.0,-0.0554371002132,0.864250177683,7,750,469
443,10,500,Bowling-v0,0.0,3.0,0.127931769723,0.0379057095475,10,751,468
444,10,500,Alien-v0,0.0,190.0,111.730769231,0.827852356938,262,751,476
445,10,500,Atlantis-v0,0.0,4900.0,1546.00840336,0.657527928567,52,751,477
446,10,500,FishingDerby-v0,-24.0,-10.0,-18.5744234801,0.726992683866,33,751,477
447,10,500,Hero-v0,0.0,2815.0,98.605870021,0.0322004858156,41,751,471
448,10,500,Boxing-v0,-38.0,0.0,-7.51380042463,0.9173804254,33,750,472
449,10,500,Asteroids-v0,0.0,830.0,165.61440678,0.420685122903,77,750,463
450,10,500,BattleZone-v0,0.0,6000.0,125.269978402,0.0305042263286,97,751,469
451,11,1000,Asteroids-v0,70.0,1280.0,338.67803838,0.463855101082,62,751,473
452,11,1000,DoubleDunk-v0,-10.0,0.0,-0.181818181818,0.892872915199,7,751,471
453,11,1000,FishingDerby-v0,-46.0,-32.0,-45.8110403397,0.0220691248899,27,750,488
454,11,1000,ChopperCommand-v0,0.0,1100.0,237.090163934,0.435939122973,189,751,482
455,11,1000,Frostbite-v0,0.0,730.0,18.2572614108,0.0567515047885,95,751,498
456,11,1000,Boxing-v0,-71.0,-8.0,-24.3353413655,0.947691328006,13,751,484
457,11,1000,Freeway-v0,0.0,10.0,0.772727272727,0.0859504132231,50,751,492
458,11,1000,Alien-v0,0.0,140.0,86.4227642276,0.640045720185,63,751,481
459,11,1000,Atlantis-v0,1500.0,6500.0,1714.13721414,0.0711525063525,107,750,472
460,11,1000,Boxing-v0,-71.0,-8.0,-26.6440677966,0.951154877798,61,750,484
461,11,1000,DoubleDunk-v0,-2.0,0.0,-0.099173553719,0.844811753903,4,750,467
462,11,1000,Alien-v0,0.0,150.0,114.346895075,0.812016813387,217,750,472
463,11,1000,Freeway-v0,0.0,9.0,0.0720338983051,0.00776545534863,6,751,474
464,11,1000,Asteroids-v0,40.0,880.0,346.772151899,0.654608553845,89,750,453
465,11,1000,Atlantis-v0,1500.0,8800.0,2028.69757174,0.128653095762,236,751,457
466,11,1000,ChopperCommand-v0,0.0,1300.0,209.409190372,0.360110890998,295,750,467
467,11,1000,Frostbite-v0,0.0,220.0,12.9978586724,0.114660327236,87,751,470
468,11,1000,FishingDerby-v0,-46.0,-34.0,-45.5723404255,0.0579721565537,205,750,458
469,11,1000,Boxing-v0,-70.0,-4.0,-24.9497816594,0.966014964162,11,750,456
470,11,1000,Freeway-v0,0.0,9.0,0.368421052632,0.0374461531057,124,751,469
471,11,1000,Atlantis-v0,1500.0,5100.0,1665.24520256,0.0591487009397,102,750,470
472,11,1000,Alien-v0,0.0,140.0,101.085106383,0.716900660974,56,750,458
473,11,1000,FishingDerby-v0,-50.0,-36.0,-45.6834061135,0.630484508214,86,751,468
474,11,1000,ChopperCommand-v0,0.0,1200.0,224.358974359,0.403133903134,51,751,465
475,11,1000,Asteroids-v0,0.0,930.0,261.096774194,0.563791892848,112,751,458
476,11,1000,DoubleDunk-v0,-10.0,0.0,-0.165938864629,0.886249393498,4,751,452
477,11,1000,Frostbite-v0,0.0,160.0,21.9026548673,0.162026794494,87,750,457
478,11,1000,ChopperCommand-v0,0.0,900.0,204.157549234,0.45636689449,33,750,462
479,11,1000,Freeway-v0,0.0,11.0,0.484848484848,0.0533632269169,124,751,455
480,11,1000,Asteroids-v0,40.0,810.0,312.307692308,0.647957278755,45,751,447
481,11,1000,Frostbite-v0,0.0,200.0,24.8545861298,0.196520009943,267,750,461
482,11,1000,Atlantis-v0,1500.0,7200.0,1719.73969631,0.0683253040908,195,750,447
483,11,1000,Alien-v0,0.0,150.0,92.9977628635,0.688017234236,10,750,456
484,11,1000,FishingDerby-v0,-46.0,-36.0,-45.7127192982,0.0435087719298,292,750,472
485,11,1000,Boxing-v0,-70.0,-4.0,-28.3898305085,0.887090386834,6,750,472
486,11,1000,DoubleDunk-v0,-14.0,2.0,-0.351694915254,0.960746233522,235,751,465
487,11,1000,ChopperCommand-v0,0.0,900.0,220.215053763,0.436786288479,88,750,469
488,11,1000,DoubleDunk-v0,-8.0,2.0,-0.123667377399,0.987898602227,28,750,459
489,11,1000,FishingDerby-v0,-46.0,-32.0,-45.6318082789,0.0405495531546,33,750,464
490,11,1000,Frostbite-v0,0.0,160.0,23.4267241379,0.226996527778,4,751,473
491,11,1000,Alien-v0,0.0,140.0,99.0697674419,0.709055433308,13,751,483
492,11,1000,Atlantis-v0,1500.0,4900.0,1522.98136646,0.00961566780733,32,750,461
493,11,1000,Freeway-v0,0.0,9.0,0.305856832972,0.0312554862246,124,751,470
494,11,1000,Asteroids-v0,20.0,980.0,325.574468085,0.585474947465,74,751,458
495,11,1000,Boxing-v0,-75.0,-5.0,-26.172489083,0.945362366198,50,750,465
496,12,1000,DoubleDunk-v0,-10.0,2.0,-0.103225806452,0.984680738086,28,750,475
497,12,1000,BattleZone-v0,0.0,12000.0,629.473684211,0.0994152046784,45,751,463
498,12,1000,ChopperCommand-v0,0.0,1100.0,259.611231102,0.473170741382,6,751,478
499,12,1000,Alien-v0,0.0,140.0,82.4686192469,0.644825852238,5,751,470
500,12,1000,Hero-v0,0.0,2820.0,6.0,0.00189125295508,100,750,476
501,12,1000,Centipede-v0,55.0,7177.0,2073.35504202,0.533872907933,47,750,479
502,12,1000,FishingDerby-v0,-46.0,-18.0,-45.5281837161,0.0322762368691,85,751,460
503,12,1000,Boxing-v0,-75.0,-3.0,-24.7543478261,0.928734269696,6,750,466
504,12,1000,Asteroids-v0,20.0,980.0,277.339055794,0.528682674985,74,750,460
505,12,1000,BattleZone-v0,0.0,8000.0,676.086956522,0.138828502415,200,750,467
506,12,1000,Boxing-v0,-59.0,0.0,-21.2826552463,0.921667762654,6,750,465
507,12,1000,DoubleDunk-v0,-12.0,2.0,-0.322580645161,0.970033891693,28,751,474
508,12,1000,Asteroids-v0,40.0,1030.0,321.877637131,0.556016438328,22,750,469
509,12,1000,Hero-v0,0.0,2820.0,89.552238806,0.0286166085508,29,751,470
510,12,1000,FishingDerby-v0,-46.0,-18.0,-45.2638297872,0.052713851498,85,750,461
511,12,1000,ChopperCommand-v0,0.0,900.0,344.902386117,0.591830844261,51,750,467
512,12,1000,Centipede-v0,65.0,7556.0,2419.20985011,0.591677079678,269,750,460
513,12,1000,Alien-v0,0.0,140.0,70.5217391304,0.60893226856,5,750,476
514,12,1000,FishingDerby-v0,-46.0,-18.0,-44.7394957983,0.0896834924446,85,750,478
515,12,1000,Asteroids-v0,20.0,1030.0,347.029288703,0.613463525399,22,751,474
516,12,1000,Boxing-v0,-59.0,0.0,-21.6856540084,0.865234122737,3,750,473
517,12,1000,ChopperCommand-v0,0.0,1200.0,364.059196617,0.556155873985,6,751,473
518,12,1000,DoubleDunk-v0,-2.0,2.0,-0.0253699788584,0.875734085036,3,751,477
519,12,1000,Centipede-v0,55.0,6483.0,1828.90775681,0.520737540307,269,751,464
520,12,1000,Hero-v0,0.0,0.0,0.0,0.0,3,751,469
521,12,1000,Alien-v0,0.0,140.0,78.1236673774,0.683347112832,5,750,456
522,12,1000,BattleZone-v0,0.0,8000.0,2528.50877193,0.372015107212,6,751,466
523,12,1000,Hero-v0,0.0,2820.0,17.7253218884,0.00584814889412,229,751,459
524,12,1000,BattleZone-v0,0.0,11000.0,2145.96949891,0.331218703174,13,750,465
525,12,1000,Alien-v0,0.0,140.0,94.1720430108,0.8181991076,5,750,449
526,12,1000,Centipede-v0,71.0,6868.0,2029.0311804,0.539754988476,6,750,466
527,12,1000,Asteroids-v0,20.0,1030.0,260.364806867,0.48556657816,22,750,465
528,12,1000,DoubleDunk-v0,-2.0,2.0,-0.0516129032258,0.86403823178,28,750,463
529,12,1000,FishingDerby-v0,-46.0,-18.0,-44.6976241901,0.0901789081363,85,751,458
530,12,1000,ChopperCommand-v0,0.0,1200.0,377.947598253,0.554342552159,51,751,457
531,12,1000,Boxing-v0,-59.0,0.0,-13.3391684902,0.949680014176,3,750,455
532,12,1000,Hero-v0,0.0,0.0,0.0,0.0,3,750,457
533,12,1000,DoubleDunk-v0,-4.0,0.0,-0.074398249453,0.886943836616,3,751,459
534,12,1000,Centipede-v0,65.0,6468.0,1963.13071895,0.557153255503,248,751,454
535,12,1000,ChopperCommand-v0,0.0,1100.0,421.585903084,0.615299976133,51,751,459
536,12,1000,BattleZone-v0,0.0,8000.0,3339.86928105,0.465444202372,228,750,461
537,12,1000,Alien-v0,0.0,140.0,95.5531453362,0.898962621925,5,751,465
538,12,1000,Asteroids-v0,40.0,1030.0,238.430107527,0.416535849547,22,751,465
539,12,1000,FishingDerby-v0,-46.0,-18.0,-44.9978494624,0.0686416502085,78,750,454
540,12,1000,Boxing-v0,-71.0,0.0,-15.5837004405,0.960900255691,3,751,462
541,13,1000,ChopperCommand-v0,0.0,1200.0,564.718614719,0.782080059858,51,751,466
542,13,1000,Boxing-v0,-59.0,0.0,-10.8412017167,0.966216357837,3,750,451
543,13,1000,Asteroids-v0,40.0,1030.0,217.206208426,0.386886023742,22,750,441
544,13,1000,Alien-v0,0.0,140.0,86.0544217687,0.807194533142,5,751,451
545,13,1000,Gravitar-v0,0.0,0.0,0.0,0.0,3,750,445
546,13,1000,Freeway-v0,0.0,9.0,0.121348314607,0.0119850187266,226,750,437
547,13,1000,Centipede-v0,70.0,6290.0,1908.3409611,0.55393329938,68,750,440
548,13,1000,Atlantis-v0,1500.0,6900.0,1702.72727273,0.0594560141885,96,750,448
549,13,1000,DoubleDunk-v0,-6.0,2.0,-0.151785714286,0.989583333333,28,751,450
550,13,1000,Asteroids-v0,20.0,1030.0,299.555555556,0.547714881499,22,750,453
551,13,1000,Boxing-v0,-70.0,0.0,-15.6136865342,0.946016128306,3,751,451
552,13,1000,Freeway-v0,0.0,9.0,0.119733924612,0.0118255728012,226,751,455
553,13,1000,DoubleDunk-v0,-12.0,2.0,-0.101098901099,0.976840846229,28,750,459
554,13,1000,Alien-v0,0.0,140.0,91.2418300654,0.83952593383,5,750,457
555,13,1000,Centipede-v0,105.0,6468.0,2207.03719912,0.600846192629,248,750,448
556,13,1000,Gravitar-v0,0.0,250.0,0.558035714286,0.00198412698413,162,751,465
557,13,1000,Atlantis-v0,1500.0,10800.0,2013.76344086,0.100970312657,7,750,460
558,13,1000,ChopperCommand-v0,0.0,1200.0,419.782608696,0.61333870102,51,750,447
559,13,1000,ChopperCommand-v0,0.0,1200.0,582.326621924,0.810368160853,51,751,444
560,13,1000,Freeway-v0,0.0,9.0,0.182432432432,0.018018018018,226,750,439
561,13,1000,Alien-v0,0.0,140.0,90.7972665148,0.847483716342,58,750,432
562,13,1000,DoubleDunk-v0,-2.0,2.0,-0.0185185185185,0.878600823045,28,750,454
563,13,1000,Atlantis-v0,1500.0,10800.0,1929.29515419,0.0909272470987,7,750,460
564,13,1000,Asteroids-v0,40.0,1030.0,317.152173913,0.54512962544,22,750,461
565,13,1000,Boxing-v0,-76.0,0.0,-14.5097613883,0.94852412456,3,750,456
566,13,1000,Centipede-v0,60.0,6468.0,2228.87719298,0.615715071675,248,750,458
567,13,1000,Gravitar-v0,0.0,0.0,0.0,0.0,3,750,456
568,13,1000,DoubleDunk-v0,-8.0,2.0,-0.0657894736842,0.991890838207,28,751,445
569,13,1000,Alien-v0,0.0,140.0,83.393258427,0.785670972509,5,750,449
570,13,1000,ChopperCommand-v0,0.0,1200.0,465.033407572,0.661992356127,51,751,435
571,13,1000,Gravitar-v0,0.0,100.0,0.229885057471,0.00204342273308,104,751,445
572,13,1000,Atlantis-v0,1500.0,10800.0,1693.70786517,0.0399080291733,7,750,450
573,13,1000,Boxing-v0,-70.0,0.0,-14.5222222222,0.932847165533,162,750,440
574,13,1000,Asteroids-v0,60.0,1030.0,294.136363636,0.474742107009,22,750,458
575,13,1000,Centipede-v0,55.0,6848.0,1938.59606987,0.543755270203,54,750,461
576,13,1000,Freeway-v0,0.0,11.0,0.101952277657,0.010533256047,124,751,454
577,13,1000,Freeway-v0,0.0,11.0,0.262114537445,0.0281711791524,124,751,451
578,13,1000,Atlantis-v0,1500.0,10800.0,1959.42350333,0.0935608948265,7,751,455
579,13,1000,DoubleDunk-v0,-2.0,2.0,-0.043956043956,0.867399267399,28,751,452
580,13,1000,Centipede-v0,115.0,6848.0,2270.21017699,0.584871744233,54,751,447
581,13,1000,ChopperCommand-v0,0.0,1200.0,459.060402685,0.645234346949,51,750,443
582,13,1000,Gravitar-v0,0.0,0.0,0.0,0.0,3,750,444
583,13,1000,Boxing-v0,-71.0,0.0,-14.5743243243,0.951678518431,3,750,438
584,13,1000,Alien-v0,0.0,140.0,89.3150684932,0.86329326251,5,751,433
585,13,1000,Asteroids-v0,60.0,880.0,221.870669746,0.399127014984,12,750,444
586,14,1000,Boxing-v0,-70.0,0.0,-13.9279279279,0.94993442422,6,751,440
587,14,1000,Alien-v0,0.0,140.0,91.8181818182,0.891280148423,5,750,431
588,14,1000,DoubleDunk-v0,-10.0,0.0,-0.125290023202,0.891941221964,3,751,444
589,14,1000,FishingDerby-v0,-46.0,-13.0,-44.4009009009,0.0970925011329,85,751,443
590,14,1000,Bowling-v0,0.0,9.0,0.020316027088,0.00200652119388,9,751,445
591,14,1000,Hero-v0,0.0,2820.0,12.6741573034,0.0039950062422,231,751,446
592,14,1000,Asteroids-v0,40.0,1080.0,283.3632287,0.46652028551,326,751,439
593,14,1000,Centipede-v0,115.0,6848.0,1841.16173121,0.503286947007,54,751,433
594,14,1000,ChopperCommand-v0,0.0,1200.0,448.036951501,0.637470418841,51,750,432
595,14,1000,DoubleDunk-v0,-6.0,0.0,-0.0601851851852,0.889117512574,3,750,438
596,14,1000,Hero-v0,0.0,0.0,0.0,0.0,3,750,429
597,14,1000,FishingDerby-v0,-46.0,-13.0,-45.2983682984,0.042705313596,172,750,431
598,14,1000,Bowling-v0,0.0,9.0,0.250580046404,0.0247486465584,9,751,435
599,14,1000,ChopperCommand-v0,0.0,1200.0,499.770114943,0.70691074216,51,751,443
600,14,1000,Centipede-v0,60.0,6848.0,2004.98871332,0.547459606028,54,751,447
601,14,1000,Boxing-v0,-59.0,0.0,-11.1275167785,0.963778012138,6,751,441
602,14,1000,Asteroids-v0,20.0,1080.0,307.392290249,0.529359208842,326,751,445
603,14,1000,Alien-v0,0.0,140.0,93.3483146067,0.88856276593,5,750,435
604,14,1000,Hero-v0,0.0,2820.0,6.48275862069,0.00204342273308,231,750,438
605,14,1000,FishingDerby-v0,-46.0,-13.0,-44.1872146119,0.11172096408,172,751,443
606,14,1000,Asteroids-v0,20.0,1080.0,297.426636569,0.524528498324,326,751,454
607,14,1000,Bowling-v0,0.0,9.0,0.257709251101,0.0254527655409,9,751,454
608,14,1000,ChopperCommand-v0,0.0,1200.0,506.607929515,0.693859792245,9,750,456
609,14,1000,DoubleDunk-v0,-12.0,2.0,-0.171052631579,0.970322631977,89,750,452
610,14,1000,Centipede-v0,50.0,6848.0,2246.55752212,0.603403036645,54,750,450
611,14,1000,Alien-v0,0.0,140.0,83.7111111111,0.804313429075,5,750,443
612,14,1000,Boxing-v0,-70.0,0.0,-12.8148984199,0.960398028286,3,750,465
613,14,1000,Centipede-v0,105.0,6848.0,2238.08172043,0.601285099058,54,750,452
614,14,1000,ChopperCommand-v0,0.0,1200.0,542.03539823,0.736479842675,51,751,457
615,14,1000,Bowling-v0,0.0,9.0,0.0590809628009,0.00583515681984,9,750,465
616,14,1000,Asteroids-v0,40.0,1080.0,283.870967742,0.469912974628,93,750,451
617,14,1000,Hero-v0,0.0,2820.0,6.41906873614,0.00212539554919,231,751,456
618,14,1000,Boxing-v0,-69.0,0.0,-13.5504385965,0.9568914585,3,750,453
619,14,1000,DoubleDunk-v0,-6.0,2.0,-0.0441501103753,0.995094432181,28,751,448
620,14,1000,FishingDerby-v0,-46.0,-13.0,-44.203125,0.110056189602,172,750,439
621,14,1000,Alien-v0,0.0,140.0,78.2232346241,0.752400580582,5,751,443
622,14,1000,ChopperCommand-v0,0.0,1200.0,547.855530474,0.755817518045,51,751,452
623,14,1000,FishingDerby-v0,-46.0,-13.0,-44.1659292035,0.111819906403,172,750,441
624,14,1000,Centipede-v0,115.0,6848.0,2031.58276644,0.555329617509,54,750,444
625,14,1000,Asteroids-v0,60.0,1080.0,355.225225225,0.547440173738,31,751,443
626,14,1000,DoubleDunk-v0,-22.0,2.0,-0.279909706546,0.946381294764,28,751,438
627,14,1000,Boxing-v0,-70.0,0.0,-13.1484018265,0.958899967902,3,751,434
628,14,1000,Hero-v0,0.0,2820.0,12.9953917051,0.00409626216078,231,751,433
629,14,1000,Alien-v0,0.0,140.0,90.4387990762,0.865678989071,5,751,440
630,14,1000,Bowling-v0,0.0,9.0,0.0818181818182,0.00808080808081,9,750,437
631,15,1000,Alien-v0,0.0,140.0,92.9519450801,0.869876554741,5,751,436
632,15,1000,BattleZone-v0,0.0,8000.0,2919.72477064,0.444890417941,228,751,450
633,15,1000,Asteroids-v0,40.0,980.0,360.733333333,0.611696482963,326,751,454
634,15,1000,DoubleDunk-v0,-2.0,2.0,-0.0308370044053,0.869309838473,28,751,442
635,15,1000,ChopperCommand-v0,0.0,1200.0,505.656108597,0.715462823306,51,751,438
636,15,1000,Freeway-v0,0.0,11.0,0.189497716895,0.0201433177772,124,750,441
637,15,1000,Gravitar-v0,0.0,100.0,0.226757369615,0.00201562106324,32,750,439
638,15,1000,Centipede-v0,60.0,6877.0,2556.2642369,0.654875171572,444,751,437
639,15,1000,Boxing-v0,-59.0,0.0,-13.6819221968,0.957694938043,3,750,431
640,15,1000,Boxing-v0,-59.0,1.0,-10.6194895592,0.966013004497,6,751,441
641,15,1000,ChopperCommand-v0,0.0,1200.0,610.430839002,0.832395509644,51,750,429
642,15,1000,Freeway-v0,0.0,11.0,0.25641025641,0.0275011184102,124,751,430
643,15,1000,DoubleDunk-v0,-16.0,2.0,-0.106976744186,0.96440488723,28,751,421
644,15,1000,Centipede-v0,75.0,6877.0,2172.68408551,0.585956578992,444,751,427
645,15,1000,Gravitar-v0,0.0,100.0,0.702576112412,0.00624512099922,32,750,426
646,15,1000,BattleZone-v0,0.0,8000.0,3166.66666667,0.454160146062,228,751,428
647,15,1000,Asteroids-v0,40.0,880.0,243.037383178,0.461397089123,12,751,415
648,15,1000,Alien-v0,0.0,140.0,90.9156626506,0.83901319564,5,751,412
649,15,1000,Alien-v0,0.0,140.0,101.699029126,0.902494331066,5,750,426
650,15,1000,Boxing-v0,-69.0,1.0,-15.5070422535,0.963358989918,6,750,420
651,15,1000,Centipede-v0,115.0,7021.0,2033.26666667,0.54138593218,574,750,424
652,15,1000,ChopperCommand-v0,0.0,1200.0,554.009433962,0.760394828791,51,751,425
653,15,1000,DoubleDunk-v0,-14.0,2.0,-0.112941176471,0.968300653595,28,751,424
654,15,1000,Asteroids-v0,60.0,1080.0,331.155660377,0.513115017043,31,751,421
655,15,1000,Freeway-v0,0.0,11.0,0.299287410926,0.0327699364624,124,750,423
656,15,1000,BattleZone-v0,0.0,8000.0,2787.23404255,0.428092986604,228,750,427
657,15,1000,Gravitar-v0,0.0,100.0,0.468384074941,0.00416341399948,32,750,424
658,15,1000,Freeway-v0,0.0,9.0,0.188679245283,0.0190490980149,231,750,427
659,15,1000,Centipede-v0,105.0,7021.0,2131.25995316,0.549264494042,574,750,440
660,15,1000,Boxing-v0,-71.0,1.0,-13.9931818182,0.945336856216,6,751,437
661,15,1000,Gravitar-v0,0.0,100.0,0.228832951945,0.00203407068396,32,750,439
662,15,1000,Asteroids-v0,40.0,1080.0,230.478359909,0.380761967235,31,750,431
663,15,1000,DoubleDunk-v0,-6.0,0.0,-0.116009280742,0.891867892641,3,751,428
664,15,1000,BattleZone-v0,0.0,8000.0,3369.1588785,0.465472481828,98,750,428
665,15,1000,ChopperCommand-v0,0.0,1200.0,553.738317757,0.767508941964,51,751,429
666,15,1000,Alien-v0,0.0,140.0,93.5198135198,0.906183763327,5,750,438
667,15,1000,ChopperCommand-v0,0.0,1200.0,588.356164384,0.810220418287,51,751,448
668,15,1000,BattleZone-v0,0.0,8000.0,4720.98214286,0.611917162698,98,751,448
669,15,1000,Freeway-v0,0.0,9.0,0.100446428571,0.00992063492063,231,750,433
670,15,1000,Gravitar-v0,0.0,250.0,1.03926096998,0.00566589684373,281,750,440
671,15,1000,Centipede-v0,110.0,7895.0,2029.05681818,0.493115388858,340,751,447
672,15,1000,Alien-v0,0.0,140.0,87.8747203579,0.824564874421,5,751,443
673,15,1000,Asteroids-v0,60.0,930.0,239.413092551,0.401793078131,326,750,445
674,15,1000,DoubleDunk-v0,-2.0,2.0,-0.0449438202247,0.866916354557,28,751,447
675,15,1000,Boxing-v0,-59.0,1.0,-14.5458612975,0.943155743365,6,751,441
676,16,2000,Centipede-v0,165.0,12993.0,2980.19274376,0.451724507791,418,750,445
677,16,2000,Boxing-v0,-100.0,1.0,-23.9101123596,0.970363949288,144,751,440
678,16,2000,Bowling-v0,0.0,18.0,0.409090909091,0.020202020202,265,751,450
679,16,2000,ChopperCommand-v0,0.0,1100.0,572.888888889,0.804848484848,277,750,443
680,16,2000,Alien-v0,0.0,140.0,98.5778781038,0.936103561063,5,750,441
681,16,2000,BattleZone-v0,0.0,13000.0,4396.82539683,0.547616811353,121,751,444
682,16,2000,Hero-v0,0.0,0.0,0.0,0.0,4,750,443
683,16,2000,Frostbite-v0,0.0,160.0,17.6523702032,0.179426887384,4,751,445
684,16,2000,DoubleDunk-v0,-4.0,0.0,-0.0629213483146,0.886891385768,4,750,443
685,16,2000,Bowling-v0,0.0,18.0,0.20316027088,0.0100326059694,105,751,446
686,16,2000,Centipede-v0,160.0,14273.0,3641.5044843,0.488834103376,273,750,430
687,16,2000,Alien-v0,0.0,140.0,91.976744186,0.841343669251,5,750,425
688,16,2000,DoubleDunk-v0,-24.0,2.0,-0.16,0.943057585954,123,750,430
689,16,2000,Boxing-v0,-100.0,-19.0,-26.5418604651,0.900493913805,200,751,436
690,16,2000,BattleZone-v0,0.0,13000.0,4704.12844037,0.585985801229,119,750,434
691,16,2000,Frostbite-v0,0.0,180.0,20.2073732719,0.203321259474,269,750,439
692,16,2000,Hero-v0,0.0,150.0,0.683371298405,0.00404960769425,76,751,445
693,16,2000,ChopperCommand-v0,0.0,1100.0,551.685393258,0.779670040548,253,751,443
694,16,2000,Bowling-v0,0.0,18.0,0.121896162528,0.00601956358164,105,751,452
695,16,2000,BattleZone-v0,0.0,13000.0,5050.88495575,0.611835483177,41,750,440
696,16,2000,Boxing-v0,-100.0,-18.0,-22.9045454545,0.910184534218,230,750,444
697,16,2000,ChopperCommand-v0,0.0,1100.0,644.144144144,0.894911440366,253,751,450
698,16,2000,DoubleDunk-v0,-24.0,0.0,-0.328888888889,0.888230452675,4,751,454
699,16,2000,Centipede-v0,155.0,14622.0,2844.15418502,0.397308700102,154,750,450
700,16,2000,Hero-v0,0.0,0.0,0.0,0.0,4,750,458
701,16,2000,Alien-v0,0.0,140.0,96.8995633188,0.922991612948,5,751,441
702,16,2000,Frostbite-v0,0.0,160.0,15.0113378685,0.155139833711,13,751,447
703,16,2000,Centipede-v0,165.0,11383.0,2905.64876957,0.484966261416,269,750,441
704,16,2000,ChopperCommand-v0,0.0,1100.0,514.965986395,0.733169668235,253,750,439
705,16,2000,Frostbite-v0,0.0,160.0,20.0911161731,0.203429511516,4,751,431
706,16,2000,Boxing-v0,-100.0,-19.0,-23.5220417633,0.903668859073,172,751,429
707,16,2000,BattleZone-v0,0.0,13000.0,5142.19114219,0.634130716971,118,751,429
708,16,2000,Hero-v0,0.0,0.0,0.0,0.0,4,751,425
709,16,2000,Bowling-v0,0.0,18.0,0.0847058823529,0.00418300653595,105,750,435
710,16,2000,DoubleDunk-v0,-18.0,0.0,-0.303448275862,0.887022058244,4,751,431
711,16,2000,Alien-v0,0.0,140.0,97.0765661253,0.929084394779,5,751,424
712,16,2000,Alien-v0,0.0,140.0,103.018867925,0.934710991315,5,750,433
713,16,2000,DoubleDunk-v0,-20.0,0.0,-0.147806004619,0.890366948935,4,750,432
714,16,2000,Centipede-v0,155.0,9517.0,2473.51851852,0.496270024801,260,751,432
715,16,2000,Frostbite-v0,0.0,220.0,21.5046296296,0.189708533143,10,751,429
716,16,2000,Boxing-v0,-100.0,-19.0,-26.6503496503,0.883793677575,172,751,433
717,16,2000,ChopperCommand-v0,0.0,1100.0,627.482678984,0.873517878767,120,750,428
718,16,2000,BattleZone-v0,0.0,14000.0,5235.98130841,0.620170809757,78,750,422
719,16,2000,Hero-v0,0.0,0.0,0.0,0.0,5,750,425
720,16,2000,Bowling-v0,0.0,18.0,0.0847058823529,0.00418300653595,298,751,436
721,17,2000,DoubleDunk-v0,-4.0,0.0,-0.0321100917431,0.886850152905,5,750,436
722,17,2000,BattleZone-v0,0.0,14000.0,5899.08256881,0.685223324804,78,750,438
723,17,2000,ChopperCommand-v0,0.0,1100.0,654.337899543,0.91102808911,253,750,432
724,17,2000,Boxing-v0,-100.0,-4.0,-20.6203703704,0.981074245542,7,750,432
725,17,2000,Centipede-v0,165.0,12993.0,2733.26157407,0.434192161814,418,751,425
726,17,2000,Alien-v0,0.0,140.0,97.5058823529,0.934603174603,5,750,424
727,17,2000,Freeway-v0,0.0,16.0,0.0754716981132,0.0041928721174,124,750,432
728,17,2000,Asteroids-v0,80.0,1180.0,269.976851852,0.349101112131,475,751,441
729,17,2000,Atlantis-v0,1500.0,2400.0,1502.04081633,0.00201562106324,8,750,438
730,17,2000,ChopperCommand-v0,0.0,1100.0,604.109589041,0.832333295596,253,750,441
731,17,2000,DoubleDunk-v0,-8.0,0.0,-0.0907029478458,0.890904509952,4,751,433
732,17,2000,Boxing-v0,-100.0,-5.0,-23.337182448,0.959951322738,12,751,440
733,17,2000,Alien-v0,0.0,140.0,94.1818181818,0.925541125541,5,750,438
734,17,2000,Atlantis-v0,1500.0,10200.0,1530.82191781,0.00477072123677,33,750,441
735,17,2000,Asteroids-v0,80.0,980.0,265.306122449,0.403111272858,79,750,442
736,17,2000,BattleZone-v0,0.0,14000.0,5169.68325792,0.601963862468,78,751,432
737,17,2000,Centipede-v0,157.0,12993.0,2619.53703704,0.415416147443,418,751,430
738,17,2000,Freeway-v0,0.0,19.0,0.420930232558,0.0248462854402,109,750,433
739,17,2000,Atlantis-v0,1500.0,4900.0,1514.3187067,0.00613017022233,127,750,430
740,17,2000,BattleZone-v0,0.0,14000.0,5183.72093023,0.611675367822,78,750,446
741,17,2000,ChopperCommand-v0,0.0,1100.0,622.64573991,0.861760697064,130,750,455
742,17,2000,Asteroids-v0,80.0,1280.0,354.659340659,0.459529236196,172,750,442
743,17,2000,Centipede-v0,136.0,11288.0,3251.08597285,0.531811487838,418,751,447
744,17,2000,Alien-v0,0.0,140.0,90.581655481,0.862996951204,5,751,442
745,17,2000,DoubleDunk-v0,-8.0,0.0,-0.10407239819,0.890145801911,5,751,443
746,17,2000,Boxing-v0,-100.0,-4.0,-24.0,0.967351357189,12,750,438
747,17,2000,Freeway-v0,0.0,17.0,0.2899543379,0.0170991487292,462,751,443
748,17,2000,Freeway-v0,0.0,19.0,0.769751693002,0.0463723166774,143,751,436
749,17,2000,Centipede-v0,156.0,12993.0,3534.06192661,0.511705378882,418,751,436
750,17,2000,ChopperCommand-v0,0.0,1100.0,625.688073394,0.862199981466,253,750,439
751,17,2000,Alien-v0,0.0,140.0,89.2938496583,0.870376396572,5,751,426
752,17,2000,Boxing-v0,-100.0,-4.0,-22.6596244131,0.973363780937,12,751,413
753,17,2000,Atlantis-v0,1500.0,4900.0,1512.10653753,0.00470670155733,187,751,417
754,17,2000,DoubleDunk-v0,-2.0,2.0,-0.0383693045564,0.869704236611,154,751,424
755,17,2000,Asteroids-v0,80.0,1180.0,213.254716981,0.242140097372,162,751,424
756,17,2000,BattleZone-v0,0.0,15000.0,4400.94339623,0.511139063592,115,750,419
757,17,2000,Centipede-v0,110.0,12993.0,3104.72076372,0.462268292102,418,750,423
758,17,2000,Freeway-v0,0.0,18.0,1.0780141844,0.0632233669621,483,751,422
759,17,2000,ChopperCommand-v0,0.0,1100.0,578.672985782,0.827751883331,253,751,422
760,17,2000,DoubleDunk-v0,-2.0,2.0,-0.0473933649289,0.865718799368,154,751,420
761,17,2000,Asteroids-v0,80.0,1080.0,299.261904762,0.428428783069,419,750,429
762,17,2000,Atlantis-v0,1500.0,12300.0,1632.16783217,0.0213058800164,364,751,437
763,17,2000,Alien-v0,0.0,140.0,87.5514874142,0.82064374186,5,751,427
764,17,2000,BattleZone-v0,0.0,16000.0,4484.77751756,0.509936898257,347,750,421
765,17,2000,Boxing-v0,-100.0,-4.0,-25.7387173397,0.968965352922,12,751,428
766,18,2000,BankHeist-v0,0.0,10.0,0.0700934579439,0.00623052959502,116,751,425
767,18,2000,ChopperCommand-v0,0.0,1100.0,575.764705882,0.815392426943,253,750,429
768,18,2000,Boxing-v0,-100.0,-4.0,-22.3636363636,0.972950660451,12,750,414
769,18,2000,Alien-v0,0.0,140.0,93.961352657,0.917545762266,5,751,428
770,18,2000,BattleZone-v0,0.0,16000.0,5009.34579439,0.558735721703,347,750,416
771,18,2000,Gravitar-v0,0.0,250.0,0.600961538462,0.00213675213675,5,751,417
772,18,2000,Centipede-v0,165.0,12993.0,2503.23980815,0.390548838912,418,750,417
773,18,2000,DoubleDunk-v0,-22.0,2.0,-0.0815347721823,0.948811321313,154,750,420
774,18,2000,Bowling-v0,0.0,18.0,0.214285714286,0.010582010582,105,750,414
775,18,2000,Boxing-v0,-100.0,-4.0,-23.5507246377,0.977139805869,12,750,416
776,18,2000,BattleZone-v0,0.0,16000.0,5432.69230769,0.595185630342,347,750,429
777,18,2000,ChopperCommand-v0,0.0,1100.0,610.722610723,0.854349813028,253,751,424
778,18,2000,DoubleDunk-v0,-24.0,2.0,-0.165094339623,0.94363192041,154,750,425
779,18,2000,Centipede-v0,165.0,12993.0,2937.74352941,0.453169947824,418,750,420
780,18,2000,BankHeist-v0,0.0,10.0,0.0238095238095,0.0021164021164,358,751,430
781,18,2000,Alien-v0,0.0,140.0,89.488372093,0.859188946897,5,750,417
782,18,2000,Gravitar-v0,0.0,200.0,0.479616306954,0.00213162803091,480,751,431
783,18,2000,Bowling-v0,0.0,18.0,0.125290023202,0.0061871616396,105,751,425
784,18,2000,Gravitar-v0,0.0,0.0,0.0,0.0,4,750,433
785,18,2000,DoubleDunk-v0,-2.0,2.0,-0.013856812933,0.880677444188,154,750,424
786,18,2000,Boxing-v0,-100.0,-4.0,-22.7570754717,0.978385507658,12,750,427
787,18,2000,BattleZone-v0,0.0,16000.0,4946.13583138,0.552140255009,347,751,424
788,18,2000,Bowling-v0,0.0,18.0,0.0849056603774,0.0041928721174,105,751,426
789,18,2000,ChopperCommand-v0,0.0,1100.0,614.084507042,0.868229887436,253,750,423
790,18,2000,Centipede-v0,165.0,12993.0,2708.68085106,0.425932145747,418,751,429
791,18,2000,Alien-v0,0.0,140.0,92.6573426573,0.90034832892,5,750,437
792,18,2000,BankHeist-v0,0.0,10.0,0.045766590389,0.00406814136791,359,750,428
793,18,2000,ChopperCommand-v0,0.0,1100.0,590.420560748,0.833294714348,253,750,429
794,18,2000,Gravitar-v0,0.0,0.0,0.0,0.0,4,751,428
795,18,2000,Centipede-v0,155.0,13982.0,2959.52102804,0.432639015835,190,751,428
796,18,2000,BankHeist-v0,0.0,0.0,0.0,0.0,4,750,428
797,18,2000,BattleZone-v0,0.0,18000.0,5974.29906542,0.605592092612,148,750,427
798,18,2000,Bowling-v0,0.0,18.0,0.168618266979,0.00832682799896,105,750,434
799,18,2000,Alien-v0,0.0,140.0,94.0092165899,0.917479126827,5,750,426
800,18,2000,Boxing-v0,-100.0,-4.0,-24.8615023474,0.952039590941,98,751,428
801,18,2000,DoubleDunk-v0,-8.0,2.0,-0.0700934579439,0.991983385254,154,750,423
802,18,2000,ChopperCommand-v0,0.0,1100.0,606.855791962,0.850994362277,253,750,433
803,18,2000,Alien-v0,0.0,140.0,93.1177829099,0.917042413578,5,751,431
804,18,2000,Boxing-v0,-100.0,-16.0,-22.3573085847,0.914911913034,98,751,422
805,18,2000,Bowling-v0,0.0,18.0,0.042654028436,0.00210637177462,105,750,428
806,18,2000,Gravitar-v0,0.0,100.0,0.467289719626,0.00415368639668,201,751,424
807,18,2000,BankHeist-v0,0.0,10.0,0.0235849056604,0.0020964360587,167,751,429
808,18,2000,BattleZone-v0,0.0,18000.0,6051.28205128,0.611905698325,148,750,425
809,18,2000,Centipede-v0,155.0,13982.0,2653.60235294,0.386147043118,190,750,429
810,18,2000,DoubleDunk-v0,-18.0,2.0,-0.107226107226,0.956519036519,154,751,425
811,19,2000,Alien-v0,0.0,140.0,91.2941176471,0.88398025877,5,750,424
812,19,2000,Frostbite-v0,0.0,220.0,11.4622641509,0.0936639118457,10,750,419
