tpgGen,envGen,frames,envName,tpgMin,tpgMax,tpgAvg,envFit,championSize,totalTeams,totalRootTeams
1,1,200,TimePilot-v0,0.0,100.0,12.8,0.113777777778,3,751,664
2,1,200,Asteroids-v0,0.0,260.0,24.2921686747,0.195638570059,8,751,628
3,1,200,Bowling-v0,0.0,0.0,0.0,0.0,3,751,620
4,1,200,Zaxxon-v0,0.0,0.0,0.0,0.0,3,751,601
5,1,200,Alien-v0,0.0,140.0,52.9783693844,0.458495100758,4,750,589
6,1,200,WizardOfWor-v0,0.0,100.0,0.339558573854,0.00301829843426,6,750,576
7,1,200,Hero-v0,0.0,0.0,0.0,0.0,4,751,582
8,1,200,DoubleDunk-v0,-2.0,0.0,-0.214776632302,0.794196258114,3,750,577
9,1,200,Skiing-v0,-1072.0,-939.0,-999.526863085,0.887930898686,7,750,580
10,1,200,Asteroids-v0,0.0,380.0,32.5862068966,0.190764266989,6,751,567
11,1,200,WizardOfWor-v0,0.0,0.0,0.0,0.0,4,751,569
12,1,200,Zaxxon-v0,0.0,0.0,0.0,0.0,4,751,566
13,1,200,Hero-v0,0.0,0.0,0.0,0.0,3,751,553
14,1,200,TimePilot-v0,0.0,100.0,14.8282097649,0.131806309021,6,750,543
15,1,200,Skiing-v0,-1057.0,-940.0,-997.46961326,0.848421158716,5,750,554
16,1,200,Alien-v0,0.0,140.0,70.8483754513,0.586884091784,4,750,560
17,1,200,DoubleDunk-v0,-4.0,0.0,-0.142857142857,0.884523809524,3,751,555
18,1,200,Bowling-v0,0.0,0.0,0.0,0.0,3,751,561
19,1,200,Skiing-v0,-1067.0,-952.0,-998.324420677,0.908457509601,10,751,550
20,1,200,Asteroids-v0,0.0,380.0,39.8,0.230076946753,15,751,560
21,1,200,Bowling-v0,0.0,0.0,0.0,0.0,3,750,560
22,1,200,TimePilot-v0,0.0,100.0,17.1428571429,0.152380952381,3,750,556
23,1,200,Zaxxon-v0,0.0,0.0,0.0,0.0,3,750,557
24,1,200,WizardOfWor-v0,0.0,100.0,0.359066427289,0.0031917015759,16,750,555
25,1,200,DoubleDunk-v0,-2.0,0.0,-0.176576576577,0.813613613614,4,750,561
26,1,200,Hero-v0,0.0,0.0,0.0,0.0,3,751,559
27,1,200,Alien-v0,0.0,140.0,84.4722719141,0.678081608314,4,751,555
28,1,200,Zaxxon-v0,0.0,0.0,0.0,0.0,4,751,550
29,1,200,Hero-v0,0.0,0.0,0.0,0.0,4,750,550
30,1,200,Alien-v0,0.0,140.0,96.6909090909,0.756924345496,4,751,565
31,1,200,WizardOfWor-v0,0.0,200.0,0.530973451327,0.0031465093412,4,751,560
32,1,200,TimePilot-v0,0.0,100.0,25.1785714286,0.22380952381,5,751,557
33,1,200,Skiing-v0,-1053.0,-934.0,-998.337522442,0.804404473797,11,750,546
34,1,200,DoubleDunk-v0,-3.0,2.0,-0.17032967033,0.915913715914,6,750,541
35,1,200,Asteroids-v0,0.0,430.0,38.9279112754,0.199069154298,28,751,545
36,1,200,Bowling-v0,0.0,0.0,0.0,0.0,3,751,543
37,1,200,Zaxxon-v0,0.0,0.0,0.0,0.0,3,751,528
38,1,200,Alien-v0,0.0,140.0,97.196969697,0.719885934172,4,750,511
39,1,200,Asteroids-v0,0.0,330.0,40.0782778865,0.251894900297,17,751,503
40,1,200,Hero-v0,0.0,0.0,0.0,0.0,3,750,513
41,1,200,DoubleDunk-v0,-2.0,2.0,-0.163742690058,0.812648906216,23,750,500
42,1,200,WizardOfWor-v0,0.0,100.0,1.4,0.0124444444444,17,750,505
43,1,200,Skiing-v0,-1058.0,-944.0,-998.718811881,0.859370590799,6,751,500
44,1,200,TimePilot-v0,0.0,100.0,23.2,0.206222222222,3,750,503
45,1,200,Bowling-v0,0.0,0.0,0.0,0.0,3,750,495
46,2,200,TimePilot-v0,0.0,100.0,28.4848484848,0.253198653199,3,751,515
47,2,200,Alien-v0,0.0,140.0,106.116504854,0.741298461132,6,750,501
48,2,200,ChopperCommand-v0,0.0,300.0,27.3453093812,0.130701559843,6,751,524
49,2,200,WizardOfWor-v0,0.0,100.0,1.14503816794,0.0101781170483,18,751,514
50,2,200,Asteroids-v0,0.0,360.0,39.3190661479,0.229179676867,10,750,506
51,2,200,Skiing-v0,-1058.0,-944.0,-996.298418972,0.873219191257,6,751,507
52,2,200,Freeway-v0,0.0,2.0,0.0197238658777,0.00876616261232,20,751,511
53,2,200,DoubleDunk-v0,-4.0,2.0,-0.250489236791,0.946872508516,6,750,509
54,2,200,KungFuMaster-v0,0.0,0.0,0.0,0.0,3,750,521
55,2,200,ChopperCommand-v0,0.0,600.0,40.8829174664,0.138195777351,6,750,520
56,2,200,TimePilot-v0,0.0,100.0,23.4615384615,0.208547008547,3,750,509
57,2,200,Alien-v0,0.0,140.0,108.094302554,0.7414475941,4,751,527
58,2,200,Asteroids-v0,0.0,360.0,34.5730550285,0.209754205678,10,750,504
59,2,200,DoubleDunk-v0,-4.0,2.0,-0.230158730159,0.950617283951,6,751,511
60,2,200,Freeway-v0,0.0,2.0,0.0195694716243,0.00869754294412,20,750,502
61,2,200,Skiing-v0,-1058.0,-939.0,-997.171314741,0.846060852276,23,750,511
62,2,200,WizardOfWor-v0,0.0,100.0,1.56555772994,0.0139160687106,18,751,490
63,2,200,KungFuMaster-v0,0.0,0.0,0.0,0.0,3,750,500
64,2,200,Skiing-v0,-1070.0,-935.0,-995.446,0.891764060357,8,751,504
65,2,200,DoubleDunk-v0,-2.0,2.0,-0.212301587302,0.791666666667,6,750,493
66,2,200,ChopperCommand-v0,0.0,600.0,56.1866125761,0.187714421656,43,750,498
67,2,200,Alien-v0,0.0,140.0,97.7108433735,0.738081578013,4,751,511
68,2,200,TimePilot-v0,0.0,100.0,26.614481409,0.23657316808,3,751,500
69,2,200,Asteroids-v0,0.0,430.0,38.74,0.199544738898,10,750,514
70,2,200,WizardOfWor-v0,0.0,100.0,0.972762645914,0.00864677907479,18,750,493
71,2,200,Freeway-v0,0.0,2.0,0.0385395537525,0.018030200586,35,750,489
72,2,200,KungFuMaster-v0,0.0,0.0,0.0,0.0,3,750,501
73,2,200,Skiing-v0,-1072.0,-942.0,-997.834331337,0.90090913505,8,751,493
74,2,200,DoubleDunk-v0,-2.0,2.0,-0.133874239351,0.825783186838,6,750,497
75,2,200,TimePilot-v0,0.0,100.0,21.5291750503,0.191370444892,3,751,486
76,2,200,KungFuMaster-v0,0.0,0.0,0.0,0.0,3,750,491
77,2,200,Alien-v0,0.0,140.0,106.720977597,0.734084265071,4,751,491
78,2,200,Freeway-v0,0.0,2.0,0.0122199592668,0.00543109300747,35,751,499
79,2,200,WizardOfWor-v0,0.0,100.0,0.60120240481,0.00534402137609,18,750,505
80,2,200,ChopperCommand-v0,0.0,600.0,53.8613861386,0.182080430265,6,750,510
81,2,200,Asteroids-v0,0.0,480.0,39.431372549,0.183731239409,28,751,501
82,2,200,Alien-v0,0.0,140.0,106.147704591,0.751621473606,4,750,498
83,2,200,KungFuMaster-v0,0.0,0.0,0.0,0.0,4,751,500
84,2,200,Freeway-v0,0.0,2.0,0.032,0.0142222222222,34,750,499
85,2,200,Skiing-v0,-1047.0,-935.0,-995.635270541,0.795145563235,8,750,490
86,2,200,Asteroids-v0,0.0,480.0,40.8979591837,0.192356386999,28,751,491
87,2,200,TimePilot-v0,0.0,100.0,24.6435845214,0.219054084635,6,751,486
88,2,200,DoubleDunk-v0,-4.0,0.0,-0.199588477366,0.885459533608,3,751,509
89,2,200,ChopperCommand-v0,0.0,600.0,58.1532416503,0.193067986126,19,751,496
90,2,200,WizardOfWor-v0,0.0,100.0,0.604838709677,0.00537634408602,18,751,491
91,3,200,BattleZone-v0,0.0,1000.0,20.366598778,0.0181036433582,9,751,495
92,3,200,TimePilot-v0,0.0,100.0,25.2525252525,0.224466891134,3,751,501
93,3,200,Skiing-v0,-1053.0,-935.0,-997.582834331,0.8157214251,6,750,497
94,3,200,ChopperCommand-v0,0.0,600.0,57.9476861167,0.187395980823,6,750,496
95,3,200,Alien-v0,0.0,140.0,103.487903226,0.748226172189,4,751,498
96,3,200,Asteroids-v0,0.0,480.0,52.4297188755,0.237163158808,28,751,496
97,3,200,DoubleDunk-v0,-4.0,0.0,-0.175403225806,0.886424731183,3,750,492
98,3,200,BankHeist-v0,0.0,10.0,0.121951219512,0.0108401084011,15,751,488
99,3,200,KungFuMaster-v0,0.0,0.0,0.0,0.0,3,751,493
100,3,200,TimePilot-v0,0.0,100.0,28.1947261663,0.250619788145,3,751,472
101,3,200,Skiing-v0,-1052.0,-927.0,-998.605932203,0.774897777778,8,751,484
102,3,200,BankHeist-v0,0.0,10.0,0.0206611570248,0.00183654729109,3,751,488
103,3,200,BattleZone-v0,0.0,1000.0,14.3442622951,0.0127504553734,50,751,490
104,3,200,DoubleDunk-v0,-2.0,0.0,-0.0857142857143,0.850793650794,3,751,487
105,3,200,Alien-v0,0.0,140.0,110.246406571,0.777288875852,4,751,483
106,3,200,ChopperCommand-v0,0.0,600.0,52.380952381,0.175651151497,6,751,487
107,3,200,Asteroids-v0,0.0,490.0,58.1108829569,0.254105089493,148,751,488
108,3,200,KungFuMaster-v0,0.0,0.0,0.0,0.0,3,751,477
109,3,200,BattleZone-v0,0.0,1000.0,54.5073375262,0.04845096669,9,751,477
110,3,200,Alien-v0,0.0,140.0,112.473794549,0.780235504404,4,751,491
111,3,200,KungFuMaster-v0,0.0,0.0,0.0,0.0,3,750,488
112,3,200,BankHeist-v0,0.0,10.0,0.0409836065574,0.00364298724954,36,750,494
113,3,200,Skiing-v0,-1052.0,-927.0,-997.188259109,0.787811267656,33,750,495
114,3,200,TimePilot-v0,0.0,100.0,30.9090909091,0.274747474747,3,750,492
115,3,200,ChopperCommand-v0,0.0,600.0,39.6341463415,0.135300612265,6,750,490
116,3,200,DoubleDunk-v0,-6.0,0.0,-0.379591836735,0.899974804737,3,750,485
117,3,200,Asteroids-v0,0.0,490.0,49.0927835052,0.215150521952,148,750,485
118,3,200,Alien-v0,0.0,140.0,108.989690722,0.773499777918,4,750,487
119,3,200,BankHeist-v0,0.0,10.0,0.041067761807,0.00365046771618,52,751,482
120,3,200,Asteroids-v0,0.0,490.0,54.5020746888,0.24820686171,148,750,457
121,3,200,BattleZone-v0,0.0,1000.0,19.693654267,0.0175054704595,9,751,479
122,3,200,DoubleDunk-v0,-4.0,0.0,-0.148225469729,0.887265135699,3,751,482
123,3,200,KungFuMaster-v0,0.0,0.0,0.0,0.0,3,751,466
124,3,200,TimePilot-v0,0.0,100.0,38.8412017167,0.345255126371,3,751,469
125,3,200,ChopperCommand-v0,0.0,300.0,40.7249466951,0.202374371529,15,750,467
126,3,200,Skiing-v0,-1063.0,-927.0,-997.415417559,0.834794639189,33,750,469
127,3,200,Asteroids-v0,0.0,490.0,53.3262260128,0.239199867464,148,750,478
128,3,200,ChopperCommand-v0,0.0,300.0,55.230125523,0.276873805465,6,751,485
129,3,200,BattleZone-v0,0.0,1000.0,12.3711340206,0.0109965635739,9,751,481
130,3,200,Skiing-v0,-1048.0,-927.0,-995.721413721,0.776469512758,33,750,464
131,3,200,BankHeist-v0,0.0,10.0,0.0646551724138,0.00574712643678,110,750,470
132,3,200,DoubleDunk-v0,-3.0,2.0,-0.146808510638,0.920888888889,39,750,471
133,3,200,TimePilot-v0,0.0,100.0,30.9978768577,0.27553668318,3,751,478
134,3,200,KungFuMaster-v0,0.0,0.0,0.0,0.0,3,751,476
135,3,200,Alien-v0,0.0,140.0,107.457983193,0.770289068008,4,751,477
136,4,200,IceHockey-v0,-1.0,1.0,-0.958071278826,0.0316794782204,149,750,481
137,4,200,Alien-v0,0.0,140.0,118.212058212,0.801391658535,4,751,481
138,4,200,Krull-v0,0.0,0.0,0.0,0.0,3,751,487
139,4,200,DoubleDunk-v0,-2.0,2.0,-0.123203285421,0.832762947753,39,750,490
140,4,200,Skiing-v0,-1060.0,-927.0,-998.897959184,0.807066615441,33,751,478
141,4,200,TimePilot-v0,0.0,100.0,41.2133891213,0.366341236634,3,750,476
142,4,200,ChopperCommand-v0,0.0,600.0,38.025210084,0.126984126984,6,751,461
143,4,200,Zaxxon-v0,0.0,0.0,0.0,0.0,3,751,467
144,4,200,Asteroids-v0,0.0,490.0,43.0835117773,0.19805848602,148,751,459
145,4,200,ChopperCommand-v0,0.0,600.0,56.2091503268,0.192151483364,6,750,476
146,4,200,Asteroids-v0,0.0,490.0,50.3991596639,0.232171391394,148,751,475
147,4,200,Krull-v0,0.0,0.0,0.0,0.0,3,751,473
148,4,200,Alien-v0,0.0,140.0,103.699788584,0.758069542123,4,751,469
149,4,200,Zaxxon-v0,0.0,0.0,0.0,0.0,3,750,474
150,4,200,TimePilot-v0,0.0,100.0,47.2573839662,0.420065635256,3,751,479
151,4,200,Skiing-v0,-1047.0,-927.0,-996.845511482,0.75799118534,27,750,480
152,4,200,IceHockey-v0,-1.0,1.0,-0.941666666667,0.0388888888889,34,751,475
153,4,200,DoubleDunk-v0,-4.0,2.0,-0.24,0.949603638726,39,751,463
154,4,200,Asteroids-v0,0.0,490.0,54.2980561555,0.235916420314,148,750,464
155,4,200,IceHockey-v0,-1.0,1.0,-0.9375,0.0421455938697,34,750,469
156,4,200,DoubleDunk-v0,-2.0,2.0,-0.18763326226,0.804074863776,39,751,472
157,4,200,ChopperCommand-v0,0.0,600.0,54.0254237288,0.178489223687,6,750,466
158,4,200,TimePilot-v0,0.0,100.0,37.7682403433,0.335717691941,3,750,464
159,4,200,Krull-v0,0.0,0.0,0.0,0.0,3,751,474
160,4,200,Alien-v0,0.0,140.0,106.012658228,0.749236966235,4,751,484
161,4,200,Zaxxon-v0,0.0,0.0,0.0,0.0,3,750,489
162,4,200,Skiing-v0,-1068.0,-927.0,-996.744376278,0.857693140123,33,751,483
163,4,200,Krull-v0,0.0,0.0,0.0,0.0,3,751,498
164,4,200,TimePilot-v0,0.0,100.0,51.0040160643,0.453369031682,3,750,486
165,4,200,Skiing-v0,-1072.0,-927.0,-996.092592593,0.877994548915,33,751,490
166,4,200,DoubleDunk-v0,-4.0,2.0,-0.373469387755,0.930209120685,39,751,482
167,4,200,Alien-v0,0.0,140.0,113.340248963,0.770297607286,4,750,489
168,4,200,IceHockey-v0,-1.0,1.0,-0.977505112474,0.0127243808225,13,750,484
169,4,200,Zaxxon-v0,0.0,0.0,0.0,0.0,3,750,496
170,4,200,Asteroids-v0,0.0,490.0,42.7620967742,0.189506612388,148,750,490
171,4,200,ChopperCommand-v0,0.0,300.0,29.387755102,0.13544973545,20,751,493
172,4,200,Alien-v0,0.0,140.0,106.389452333,0.740967651428,4,751,488
173,4,200,Zaxxon-v0,0.0,0.0,0.0,0.0,3,751,479
174,4,200,Skiing-v0,-1052.0,-944.0,-996.480167015,0.842456484337,15,751,493
175,4,200,DoubleDunk-v0,-2.0,2.0,-0.190669371197,0.800540906018,39,751,491
176,4,200,ChopperCommand-v0,0.0,600.0,26.4765784114,0.0895124588268,6,750,471
177,4,200,IceHockey-v0,-1.0,1.0,-0.891719745223,0.066053314461,48,750,486
178,4,200,Krull-v0,0.0,0.0,0.0,0.0,3,751,469
179,4,200,TimePilot-v0,0.0,100.0,50.1066098081,0.445392087183,3,750,473
180,4,200,Asteroids-v0,0.0,360.0,49.6617336152,0.278846460586,8,751,474
181,5,200,Skiing-v0,-1057.0,-944.0,-995.989451477,0.875859942238,15,750,483
182,5,200,Atlantis-v0,0.0,200.0,0.414078674948,0.00184034966644,139,750,487
183,5,200,Asteroids-v0,0.0,610.0,53.7166324435,0.198418273725,47,750,479
184,5,200,MsPacman-v0,50.0,230.0,70.2922755741,0.233912099682,79,750,488
185,5,200,Alien-v0,0.0,140.0,98.1762295082,0.677298241701,4,750,494
186,5,200,TimePilot-v0,0.0,100.0,72.8744939271,0.647773279352,3,751,477
187,5,200,ChopperCommand-v0,0.0,300.0,14.0461215933,0.065636565986,5,751,476
188,5,200,DoubleDunk-v0,-4.0,2.0,-0.189075630252,0.957153231663,39,751,477
189,5,200,UpNDown-v0,10.0,880.0,68.679245283,0.160098150667,28,751,483
190,5,200,DoubleDunk-v0,-2.0,2.0,-0.11801242236,0.833448355187,39,750,475
191,5,200,UpNDown-v0,10.0,520.0,63.1578947368,0.242982028954,3,751,467
192,5,200,Atlantis-v0,0.0,0.0,0.0,0.0,3,751,481
193,5,200,ChopperCommand-v0,0.0,600.0,31.6008316008,0.102666769333,6,751,467
194,5,200,Skiing-v0,-1047.0,-927.0,-997.453961456,0.757353742036,33,751,474
195,5,200,Alien-v0,0.0,140.0,106.919831224,0.766994842944,4,750,477
196,5,200,MsPacman-v0,50.0,160.0,63.0188679245,0.265248251526,49,750,471
197,5,200,Asteroids-v0,0.0,610.0,61.7197452229,0.224078141068,114,751,461
198,5,200,TimePilot-v0,0.0,100.0,60.0867678959,0.534104603519,6,750,458
199,5,200,ChopperCommand-v0,0.0,600.0,17.6855895197,0.0582241630277,6,751,469
200,5,200,UpNDown-v0,10.0,1530.0,73.091684435,0.0993113511719,132,751,468
201,5,200,Skiing-v0,-1057.0,-919.0,-996.448717949,0.793310558066,10,751,467
202,5,200,MsPacman-v0,50.0,180.0,65.182012848,0.25621597422,28,751,462
203,5,200,Asteroids-v0,0.0,610.0,65.367965368,0.236516248341,114,751,459
204,5,200,TimePilot-v0,0.0,100.0,62.962962963,0.559670781893,3,750,460
205,5,200,Alien-v0,0.0,140.0,120.239130435,0.797318347629,4,750,461
206,5,200,DoubleDunk-v0,-2.0,0.0,-0.177874186551,0.81176187033,3,751,465
207,5,200,Atlantis-v0,0.0,400.0,6.66666666667,0.0260454002389,165,751,468
208,5,200,UpNDown-v0,10.0,660.0,68.1623931624,0.20374809645,66,751,471
209,5,200,ChopperCommand-v0,0.0,300.0,21.4437367304,0.0996042043459,10,750,468
210,5,200,MsPacman-v0,50.0,210.0,68.8461538462,0.240740740741,8,751,466
211,5,200,Asteroids-v0,0.0,610.0,60.2575107296,0.223567100439,114,750,471
212,5,200,Alien-v0,0.0,140.0,109.49044586,0.759054648045,4,751,478
213,5,200,Skiing-v0,-1048.0,-919.0,-997.529288703,0.729493964639,10,751,466
214,5,200,Atlantis-v0,0.0,200.0,1.28755364807,0.00572246065808,156,751,471
215,5,200,DoubleDunk-v0,-2.0,2.0,-0.135881104034,0.82661004954,131,751,459
216,5,200,TimePilot-v0,0.0,100.0,61.4379084967,0.546114742193,3,751,475
217,5,200,Skiing-v0,-1057.0,-930.0,-994.804210526,0.840000942692,10,750,479
218,5,200,MsPacman-v0,60.0,160.0,63.9665970772,0.0576014845743,16,750,476
219,5,200,Asteroids-v0,0.0,610.0,55.8613445378,0.209940753153,114,751,476
220,5,200,DoubleDunk-v0,-2.0,2.0,-0.13025210084,0.827264239029,50,751,471
221,5,200,Alien-v0,0.0,140.0,115.116772824,0.785398943725,6,750,474
222,5,200,UpNDown-v0,10.0,520.0,63.5864978903,0.245006563706,16,751,484
223,5,200,Atlantis-v0,0.0,200.0,2.27272727273,0.0128558310376,41,750,481
224,5,200,ChopperCommand-v0,0.0,600.0,27.4428274428,0.0926054259388,6,751,485
225,5,200,TimePilot-v0,0.0,100.0,59.587628866,0.529667812142,3,751,474
226,6,500,TimePilot-v0,100.0,200.0,128.691983122,0.255039849977,18,751,480
227,6,500,Hero-v0,0.0,0.0,0.0,0.0,3,751,490
228,6,500,Skiing-v0,-2588.0,-2400.0,-2494.49795918,0.840645719583,32,751,476
229,6,500,Boxing-v0,-38.0,-4.0,-12.9306722689,0.898975507158,5,751,485
230,6,500,Alien-v0,0.0,140.0,103.525773196,0.717544474835,9,751,488
231,6,500,Asteroids-v0,0.0,680.0,159.282786885,0.47535547488,38,750,471
232,6,500,Krull-v0,0.0,333.0,4.64331210191,0.0279556540531,15,750,471
233,6,500,MsPacman-v0,60.0,340.0,71.6985138004,0.0773237816004,14,751,456
234,6,500,DoubleDunk-v0,-4.0,0.0,-0.175438596491,0.88693957115,6,750,457
235,6,500,Boxing-v0,-38.0,-2.0,-12.9606126915,0.90086236654,19,751,459
236,6,500,Alien-v0,0.0,140.0,109.498910675,0.757201646091,26,751,459
237,6,500,Asteroids-v0,0.0,680.0,156.862745098,0.462542058987,75,750,447
238,6,500,DoubleDunk-v0,-2.0,2.0,-0.102908277405,0.841163310962,107,750,455
239,6,500,Krull-v0,0.0,189.0,4.17362637363,0.0389081314251,10,750,475
240,6,500,Hero-v0,0.0,0.0,0.0,0.0,3,751,478
241,6,500,Skiing-v0,-2591.0,-2416.0,-2496.20083682,0.870577671515,5,750,475
242,6,500,MsPacman-v0,60.0,210.0,69.3684210526,0.082097985705,44,751,468
243,6,500,TimePilot-v0,100.0,300.0,146.581196581,0.412155745489,7,751,471
244,6,500,Asteroids-v0,0.0,630.0,159.532908705,0.498431373458,12,750,455
245,6,500,TimePilot-v0,100.0,200.0,167.032967033,0.595848595849,18,750,461
246,6,500,Alien-v0,0.0,140.0,89.1540130152,0.680173732544,18,750,472
247,6,500,MsPacman-v0,60.0,440.0,73.6016949153,0.0790856117397,74,750,471
248,6,500,Hero-v0,0.0,2770.0,5.88110403397,0.00188723755603,69,750,459
249,6,500,DoubleDunk-v0,-4.0,2.0,-0.357298474946,0.932999811722,52,750,462
250,6,500,Boxing-v0,-38.0,-2.0,-21.5800865801,0.594665051455,114,750,449
251,6,500,Krull-v0,0.0,189.0,5.83296213808,0.0518001145851,10,750,448
252,6,500,Skiing-v0,-2596.0,-2410.0,-2494.83705357,0.876452594758,59,751,444
253,6,500,Alien-v0,0.0,210.0,100.36036036,0.751754021595,14,751,438
254,6,500,Hero-v0,0.0,2640.0,23.9726027397,0.00816266535099,6,750,456
255,6,500,Asteroids-v0,0.0,560.0,157.478070175,0.530417064487,152,751,451
256,6,500,DoubleDunk-v0,-6.0,2.0,-0.310421286031,0.978319783198,248,750,452
257,6,500,Skiing-v0,-2583.0,-2408.0,-2496.6659292,0.823123055004,104,750,465
258,6,500,Boxing-v0,-38.0,-2.0,-14.7440860215,0.840550466835,80,750,462
259,6,500,MsPacman-v0,60.0,220.0,74.3506493506,0.137340668591,11,750,463
260,6,500,TimePilot-v0,100.0,200.0,152.051835853,0.462682985361,6,750,464
261,6,500,Krull-v0,0.0,180.0,10.5517241379,0.100249042146,6,750,473
262,6,500,Hero-v0,0.0,0.0,0.0,0.0,3,750,453
263,6,500,MsPacman-v0,60.0,440.0,79.4701986755,0.108851968036,84,750,454
264,6,500,Skiing-v0,-2573.0,-2418.0,-2496.71365639,0.820390816998,303,751,464
265,6,500,Krull-v0,0.0,243.0,10.0668103448,0.074497159285,303,750,456
266,6,500,Asteroids-v0,0.0,530.0,156.293859649,0.559062800786,80,751,454
267,6,500,TimePilot-v0,100.0,200.0,164.317180617,0.571708272149,6,751,457
268,6,500,Alien-v0,0.0,140.0,79.6061269147,0.646432168783,18,750,453
269,6,500,Boxing-v0,-38.0,0.0,-16.6887417219,0.765284886435,102,750,457
270,6,500,DoubleDunk-v0,-6.0,0.0,-0.19693654267,0.893427344193,18,751,454
271,7,500,DoubleDunk-v0,-6.0,0.0,-0.114537444934,0.890194158917,6,750,461
272,7,500,Gravitar-v0,0.0,0.0,0.0,0.0,6,750,462
273,7,500,Alien-v0,0.0,140.0,93.9826839827,0.751617241413,18,750,457
274,7,500,Boxing-v0,-44.0,0.0,-15.2319474836,0.867021116275,102,750,456
275,7,500,Skiing-v0,-2588.0,-955.0,-2487.70175439,0.146310154769,49,751,467
276,7,500,PrivateEye-v0,-869.0,100.0,-211.965738758,0.788849318242,157,751,461
277,7,500,ChopperCommand-v0,0.0,800.0,114.09978308,0.281634128706,11,751,458
278,7,500,Asteroids-v0,0.0,530.0,134.148471616,0.497606207537,110,751,434
279,7,500,TimePilot-v0,100.0,300.0,168.66359447,0.608294930876,79,750,447
280,7,500,DoubleDunk-v0,-6.0,0.0,-0.250559284116,0.896843151877,5,751,456
281,7,500,Asteroids-v0,0.0,530.0,151.162280702,0.541260096168,80,750,454
282,7,500,PrivateEye-v0,-1000.0,0.0,-197.90969163,0.815305495839,5,750,460
283,7,500,ChopperCommand-v0,0.0,800.0,142.173913043,0.357608695652,160,750,456
284,7,500,TimePilot-v0,100.0,300.0,181.798245614,0.72514619883,79,751,461
285,7,500,Skiing-v0,-2586.0,-988.0,-2496.31236443,0.140048305167,19,751,453
286,7,500,Boxing-v0,-38.0,-2.0,-10.3642384106,0.923715392279,30,750,445
287,7,500,Alien-v0,0.0,140.0,108.224719101,0.751346531122,9,751,445
288,7,500,Gravitar-v0,0.0,100.0,0.224719101124,0.0019975031211,68,750,453
289,7,500,Gravitar-v0,0.0,250.0,0.551876379691,0.00196222712779,68,750,464
290,7,500,Asteroids-v0,0.0,560.0,151.637931034,0.521717882555,46,750,449
291,7,500,Skiing-v0,-2601.0,-955.0,-2489.20267261,0.168799517975,49,751,455
292,7,500,Alien-v0,0.0,140.0,103.318681319,0.734315117989,18,751,460
293,7,500,TimePilot-v0,100.0,500.0,178.913043478,0.435507246377,18,750,448
294,7,500,ChopperCommand-v0,0.0,500.0,157.366071429,0.557222222222,160,751,448
295,7,500,PrivateEye-v0,-869.0,0.0,-106.051339286,0.813483169667,6,751,449
296,7,500,Boxing-v0,-38.0,3.0,-7.07126948775,0.949990144152,59,750,446
297,7,500,DoubleDunk-v0,-4.0,0.0,-0.19730941704,0.886895864474,18,751,451
298,7,500,Asteroids-v0,0.0,580.0,164.323725055,0.543788864545,139,750,452
299,7,500,PrivateEye-v0,-869.0,0.0,-86.5951327434,0.831586083715,6,751,447
300,7,500,ChopperCommand-v0,0.0,500.0,184.787472036,0.6660899826,11,751,452
301,7,500,Gravitar-v0,0.0,100.0,0.221238938053,0.00196656833825,6,750,443
302,7,500,TimePilot-v0,100.0,500.0,190.06772009,0.497366440933,57,750,452
303,7,500,DoubleDunk-v0,-4.0,2.0,-0.172566371681,0.960340871845,77,750,446
304,7,500,Boxing-v0,-41.0,3.0,-7.76905829596,0.949459948033,228,751,443
305,7,500,Alien-v0,0.0,140.0,128.284424379,0.842657002605,6,750,443
306,7,500,Skiing-v0,-2581.0,-955.0,-2491.23702032,0.137533825617,49,751,441
307,7,500,ChopperCommand-v0,0.0,700.0,186.848072562,0.550223415141,144,750,441
308,7,500,Alien-v0,0.0,140.0,120.929705215,0.82113934009,6,750,437
309,7,500,Asteroids-v0,0.0,580.0,145.377574371,0.497732984687,139,751,439
310,7,500,PrivateEye-v0,-869.0,0.0,-65.2437357631,0.836356184663,6,751,451
311,7,500,Boxing-v0,-40.0,3.0,-7.23503325942,0.952278393427,228,751,446
312,7,500,Skiing-v0,-2609.0,-955.0,-2491.20852018,0.176774708014,62,750,454
313,7,500,TimePilot-v0,100.0,500.0,193.392070485,0.515907978463,57,751,458
314,7,500,Gravitar-v0,0.0,250.0,1.31004366812,0.00558951965066,19,750,462
315,7,500,DoubleDunk-v0,-6.0,2.0,-0.272727272727,0.980519480519,77,750,466
316,8,500,Boxing-v0,-38.0,-4.0,-6.35193133047,0.900294208401,228,750,461
317,8,500,MsPacman-v0,60.0,450.0,78.9587852495,0.0647263529515,81,750,462
318,8,500,Alien-v0,0.0,140.0,121.493506494,0.814323997997,6,750,457
319,8,500,WizardOfWor-v0,0.0,200.0,50.3282275711,0.431801604668,139,751,461
320,8,500,Asteroids-v0,0.0,630.0,145.184381779,0.464450297227,207,750,449
321,8,500,BankHeist-v0,0.0,10.0,0.178173719376,0.0158376639446,56,750,448
322,8,500,TimePilot-v0,100.0,200.0,156.25,0.5,57,751,466
323,8,500,PrivateEye-v0,-869.0,100.0,-103.272532189,0.852033157479,65,750,449
324,8,500,DoubleDunk-v0,-6.0,2.0,-0.236080178174,0.982430091561,77,750,456
325,8,500,BankHeist-v0,0.0,30.0,0.15350877193,0.00801386181503,12,751,470
326,8,500,TimePilot-v0,0.0,500.0,191.063829787,0.747877068558,57,750,464
327,8,500,Boxing-v0,-38.0,3.0,-12.5129310345,0.870169416581,228,751,458
328,8,500,MsPacman-v0,60.0,570.0,95.807860262,0.130249609143,81,750,456
329,8,500,WizardOfWor-v0,0.0,200.0,34.2105263158,0.282651072125,63,751,449
330,8,500,DoubleDunk-v0,-8.0,2.0,-0.298440979955,0.984865132393,77,751,456
331,8,500,Alien-v0,0.0,140.0,108.969298246,0.766559255281,6,751,452
332,8,500,Asteroids-v0,0.0,580.0,144.07079646,0.49082131704,235,751,452
333,8,500,PrivateEye-v0,-869.0,100.0,-118.340707965,0.851335696281,65,750,465
334,8,500,PrivateEye-v0,-869.0,100.0,-44.2580645161,0.927571358625,65,751,458
335,8,500,Boxing-v0,-38.0,3.0,-6.79912663755,0.951775141353,228,751,459
336,8,500,Alien-v0,0.0,140.0,120.588235294,0.804628024049,6,751,454
337,8,500,DoubleDunk-v0,-2.0,2.0,-0.0969162995595,0.843857072932,3,751,448
338,8,500,BankHeist-v0,0.0,10.0,0.0669642857143,0.00595238095238,83,750,443
339,8,500,TimePilot-v0,100.0,500.0,195.033860045,0.524956107349,57,750,453
340,8,500,WizardOfWor-v0,0.0,200.0,35.9823399558,0.311994113319,67,750,457
341,8,500,Asteroids-v0,0.0,730.0,155.317286652,0.435841356697,366,750,453
342,8,500,MsPacman-v0,60.0,570.0,72.0971302428,0.0515656088576,81,751,456
343,8,500,WizardOfWor-v0,0.0,300.0,43.4210526316,0.281134936106,147,750,453
344,8,500,MsPacman-v0,60.0,570.0,75.8498896247,0.0694104840905,81,750,455
345,8,500,PrivateEye-v0,-1000.0,100.0,-278.0,0.804432157741,65,751,454
346,8,500,TimePilot-v0,100.0,500.0,185.682819383,0.473078805678,57,751,453
347,8,500,Boxing-v0,-38.0,3.0,-11.8057395143,0.854487463735,228,750,456
348,8,500,Alien-v0,0.0,140.0,104.605263158,0.721764729284,6,751,454
349,8,500,BankHeist-v0,0.0,20.0,0.0660792951542,0.00391581008321,10,750,454
350,8,500,Asteroids-v0,0.0,730.0,137.841409692,0.401563421528,366,750,448
351,8,500,DoubleDunk-v0,-4.0,2.0,-0.263392857143,0.945987654321,77,750,451
352,8,500,WizardOfWor-v0,0.0,200.0,41.4634146341,0.362650899236,77,750,446
353,8,500,MsPacman-v0,60.0,570.0,72.7802690583,0.0503811438895,81,750,438
354,8,500,TimePilot-v0,100.0,500.0,189.9543379,0.496702181634,57,750,439
355,8,500,Alien-v0,0.0,140.0,117.08428246,0.811243859731,6,751,444
356,8,500,Asteroids-v0,0.0,730.0,155.698198198,0.441016358825,366,750,443
357,8,500,BankHeist-v0,0.0,10.0,0.0225733634312,0.00200652119388,15,750,452
358,8,500,Boxing-v0,-47.0,3.0,-14.0442477876,0.856445231072,221,750,461
359,8,500,DoubleDunk-v0,-6.0,2.0,-0.190889370933,0.986502771752,77,750,457
360,8,500,PrivateEye-v0,-869.0,100.0,-123.897155361,0.845676208449,117,751,447
361,9,500,PrivateEye-v0,-869.0,100.0,-55.937360179,0.909863465809,117,751,447
362,9,500,DoubleDunk-v0,-8.0,2.0,-0.161073825503,0.988555804126,77,750,440
363,9,500,Zaxxon-v0,0.0,0.0,0.0,0.0,3,751,442
364,9,500,TimePilot-v0,100.0,500.0,193.438914027,0.513071895425,77,750,437
365,9,500,Alien-v0,0.0,140.0,119.176201373,0.793868729796,6,750,448
366,9,500,Tennis-v0,-6.0,0.0,-5.04017857143,0.149250440917,3,751,450
367,9,500,Boxing-v0,-38.0,3.0,-9.22,0.891338929649,228,750,456
368,9,500,Krull-v0,0.0,243.0,13.5197368421,0.106666987542,303,751,463
369,9,500,Asteroids-v0,0.0,730.0,139.762419006,0.394622646739,366,750,449
370,9,500,DoubleDunk-v0,-4.0,2.0,-0.173719376392,0.960158376639,10,750,439
371,9,500,Tennis-v0,-6.0,0.0,-4.7722095672,0.197305885992,3,750,454
372,9,500,Asteroids-v0,20.0,730.0,158.259911894,0.405031555731,366,750,445
373,9,500,PrivateEye-v0,-1000.0,100.0,-152.242696629,0.859248299956,309,750,437
374,9,500,Zaxxon-v0,0.0,200.0,0.45766590389,0.00203407068396,109,750,440
375,9,500,Krull-v0,0.0,279.0,13.9409090909,0.0990864698422,5,751,447
376,9,500,Alien-v0,0.0,140.0,114.429530201,0.7711170971,6,750,444
377,9,500,TimePilot-v0,100.0,500.0,190.540540541,0.5,57,751,440
378,9,500,Boxing-v0,-38.0,3.0,-8.55454545455,0.898974275774,228,750,438
379,9,500,Boxing-v0,-38.0,3.0,-6.02739726027,0.958101876375,228,751,450
380,9,500,TimePilot-v0,0.0,500.0,194.888888889,0.763654320988,57,750,433
381,9,500,DoubleDunk-v0,-6.0,2.0,-0.198614318707,0.982807287657,77,751,440
382,9,500,Zaxxon-v0,0.0,0.0,0.0,0.0,3,751,438
383,9,500,Tennis-v0,-6.0,0.0,-4.91780821918,0.171148317267,3,751,451
384,9,500,Alien-v0,0.0,230.0,109.623059867,0.780130131599,88,751,443
385,9,500,Asteroids-v0,20.0,730.0,147.494356659,0.373178710595,366,751,453
386,9,500,Krull-v0,0.0,279.0,7.89845474614,0.056214312102,5,751,443
387,9,500,PrivateEye-v0,-869.0,100.0,-170.334085779,0.791455964008,65,750,439
388,9,500,PrivateEye-v0,-869.0,100.0,-98.2437357631,0.866235328821,65,751,436
389,9,500,Asteroids-v0,20.0,730.0,165.435779817,0.413633687959,366,750,438
390,9,500,Alien-v0,0.0,230.0,123.835616438,0.864942421252,9,751,442
391,9,500,Krull-v0,0.0,279.0,10.2624434389,0.0742648562934,5,751,441
392,9,500,Zaxxon-v0,0.0,0.0,0.0,0.0,3,751,444
393,9,500,Tennis-v0,-6.0,0.0,-4.8018018018,0.197085974864,3,750,439
394,9,500,DoubleDunk-v0,-4.0,0.0,-0.113895216401,0.886864085042,3,750,450
395,9,500,Boxing-v0,-43.0,3.0,-8.49555555556,0.936109594156,228,750,454
396,9,500,TimePilot-v0,100.0,500.0,195.594713656,0.528144884973,57,750,451
397,9,500,Zaxxon-v0,0.0,0.0,0.0,0.0,3,750,458
398,9,500,Alien-v0,0.0,230.0,114.694323144,0.802851406396,88,751,454
399,9,500,TimePilot-v0,100.0,500.0,192.731277533,0.51223690651,57,751,451
400,9,500,Krull-v0,0.0,279.0,8.08869179601,0.056988988099,5,751,445
401,9,500,PrivateEye-v0,-869.0,100.0,-116.458426966,0.855320558778,65,750,460
402,9,500,Boxing-v0,-42.0,3.0,-6.03695652174,0.966152084452,228,751,454
403,9,500,Asteroids-v0,0.0,730.0,178.986784141,0.488966301273,366,751,440
404,9,500,DoubleDunk-v0,-6.0,2.0,-0.240909090909,0.982070707071,77,750,437
405,9,500,Tennis-v0,-6.0,0.0,-4.88787185355,0.186456479363,3,751,436
406,10,500,WizardOfWor-v0,0.0,200.0,19.9541284404,0.161060142712,77,750,433
407,10,500,TimePilot-v0,100.0,200.0,185.912240185,0.763664357198,57,750,442
408,10,500,Alien-v0,0.0,230.0,114.07239819,0.801497080825,88,750,436
409,10,500,DoubleDunk-v0,-6.0,2.0,-0.275229357798,0.977064220183,77,750,445
410,10,500,Asteroids-v0,20.0,830.0,191.033707865,0.425423714946,307,751,445
411,10,500,Freeway-v0,0.0,5.0,0.112359550562,0.019975031211,11,751,446
412,10,500,Boxing-v0,-38.0,3.0,-10.1995515695,0.888031686836,228,751,450
413,10,500,Jamesbond-v0,0.0,100.0,2.55555555556,0.0355555555556,14,751,452
414,10,500,PrivateEye-v0,-869.0,100.0,-88.1238938053,0.883235618316,65,751,434
415,10,500,Alien-v0,0.0,230.0,112.903225806,0.793234585539,88,751,443
416,10,500,PrivateEye-v0,-869.0,100.0,-65.9796839729,0.907863322142,65,751,441
417,10,500,WizardOfWor-v0,0.0,200.0,28.3446712018,0.239858906526,77,751,435
418,10,500,TimePilot-v0,100.0,200.0,189.655172414,0.7969348659,57,751,443
419,10,500,Freeway-v0,0.0,5.0,0.530474040632,0.0943064961124,11,751,449
420,10,500,DoubleDunk-v0,-2.0,2.0,-0.138084632517,0.819599109131,77,750,440
421,10,500,Jamesbond-v0,0.0,100.0,2.04545454545,0.0323232323232,141,751,439
422,10,500,Boxing-v0,-38.0,3.0,-9.71070615034,0.905511311905,228,751,452
423,10,500,Asteroids-v0,0.0,830.0,175.132743363,0.435154842635,122,750,440
424,10,500,Freeway-v0,0.0,5.0,0.520454545455,0.0931717171717,11,750,436
425,10,500,DoubleDunk-v0,-6.0,2.0,-0.362385321101,0.968654434251,77,751,441
426,10,500,Alien-v0,0.0,230.0,111.768707483,0.784190901033,9,750,439
427,10,500,PrivateEye-v0,-869.0,100.0,-74.9954441913,0.88879003166,65,750,447
428,10,500,TimePilot-v0,100.0,500.0,193.064876957,0.514044245588,57,751,434
429,10,500,WizardOfWor-v0,0.0,200.0,19.8156682028,0.169994879672,77,751,443
430,10,500,Asteroids-v0,20.0,830.0,163.137697517,0.370051623729,307,751,451
431,10,500,Boxing-v0,-38.0,-2.0,-8.58314855876,0.880460735023,67,750,441
432,10,500,Jamesbond-v0,0.0,150.0,5.32879818594,0.0656196635033,198,750,433
433,10,500,PrivateEye-v0,-1000.0,100.0,-111.743648961,0.881759817787,49,750,448
434,10,500,WizardOfWor-v0,0.0,200.0,34.5982142857,0.293650793651,107,750,442
435,10,500,Asteroids-v0,0.0,830.0,181.244343891,0.451108473582,307,750,442
436,10,500,Alien-v0,0.0,230.0,122.398190045,0.854506971709,88,750,439
437,10,500,Freeway-v0,0.0,5.0,0.0341685649203,0.00607441154138,34,751,448
438,10,500,DoubleDunk-v0,-4.0,0.0,-0.232142857143,0.884920634921,3,751,454
439,10,500,Boxing-v0,-38.0,3.0,-7.48898678414,0.93496779386,228,750,449
440,10,500,TimePilot-v0,100.0,500.0,194.654788419,0.52289037367,57,751,450
441,10,500,Jamesbond-v0,0.0,100.0,7.22222222222,0.118518518519,60,750,456
442,10,500,PrivateEye-v0,-869.0,100.0,-98.0416666667,0.868240868194,65,750,450
443,10,500,Boxing-v0,-39.0,3.0,-6.02,0.961666246746,228,750,468
444,10,500,WizardOfWor-v0,0.0,300.0,39.7435897436,0.258731666139,355,750,458
445,10,500,DoubleDunk-v0,-6.0,0.0,-0.165938864629,0.89363307995,3,750,453
446,10,500,Alien-v0,0.0,230.0,121.125827815,0.843442373256,88,750,454
447,10,500,Asteroids-v0,0.0,830.0,169.823788546,0.424722437687,307,751,443
448,10,500,TimePilot-v0,100.0,500.0,188.261851016,0.487333834964,57,751,458
449,10,500,Freeway-v0,0.0,5.0,0.229257641921,0.0407569141194,34,751,458
450,10,500,Jamesbond-v0,0.0,150.0,3.27510917031,0.0375222383956,13,751,446
451,11,1000,IceHockey-v0,-6.0,2.0,-4.12556053812,0.484429496761,4,751,446
452,11,1000,Bowling-v0,0.0,9.0,0.161434977578,0.0159441953164,233,751,453
453,11,1000,Boxing-v0,-70.0,-1.0,-25.238410596,0.919578928974,11,751,456
454,11,1000,DoubleDunk-v0,-14.0,2.0,-0.385964912281,0.96783625731,59,750,457
455,11,1000,Asteroids-v0,40.0,880.0,258.096280088,0.510007812186,11,751,447
456,11,1000,Alien-v0,0.0,140.0,94.966442953,0.681185225768,88,751,449
457,11,1000,TimePilot-v0,100.0,600.0,362.138084633,0.850878495422,458,751,450
458,11,1000,PrivateEye-v0,-1000.0,0.0,-221.704444444,0.712519091358,41,750,446
459,11,1000,ChopperCommand-v0,0.0,700.0,213.228699552,0.576960231028,81,751,457
460,11,1000,IceHockey-v0,-6.0,2.0,-4.11378555799,0.486870897155,14,750,438
461,11,1000,Alien-v0,0.0,140.0,93.9497716895,0.678035597801,9,750,440
462,11,1000,TimePilot-v0,100.0,600.0,371.136363636,0.863111111111,81,750,442
463,11,1000,ChopperCommand-v0,0.0,700.0,200.452488688,0.555134874463,5,751,449
464,11,1000,PrivateEye-v0,-1000.0,0.0,-147.091314031,0.780616694878,41,750,445
465,11,1000,Bowling-v0,0.0,9.0,0.667415730337,0.0659176029963,6,751,450
466,11,1000,DoubleDunk-v0,-12.0,2.0,-0.568888888889,0.961209372638,6,750,449
467,11,1000,Boxing-v0,-76.0,-4.0,-27.7483296214,0.935099642247,57,750,446
468,11,1000,Asteroids-v0,0.0,930.0,232.443946188,0.510131985156,87,750,440
469,11,1000,Boxing-v0,-71.0,-8.0,-24.2318181818,0.950909956201,81,750,438
470,11,1000,TimePilot-v0,100.0,400.0,336.757990868,0.721348441288,9,751,446
471,11,1000,Alien-v0,0.0,140.0,95.33632287,0.697517871125,9,751,440
472,11,1000,Asteroids-v0,40.0,780.0,257.681818182,0.556407021272,156,751,445
473,11,1000,ChopperCommand-v0,0.0,700.0,211.011235955,0.534230171469,5,751,436
474,11,1000,PrivateEye-v0,-1000.0,100.0,-181.105504587,0.813765868864,433,751,419
475,11,1000,IceHockey-v0,-6.0,2.0,-3.99284009547,0.515314240255,4,750,427
476,11,1000,DoubleDunk-v0,-10.0,0.0,-0.271662763466,0.895050741608,9,750,427
477,11,1000,Bowling-v0,0.0,9.0,0.252927400468,0.0249804839969,6,750,434
478,11,1000,Asteroids-v0,40.0,980.0,262.119815668,0.467035079924,327,751,433
479,11,1000,ChopperCommand-v0,0.0,1100.0,237.413394919,0.45040792133,75,751,435
480,11,1000,Boxing-v0,-71.0,-8.0,-25.1126436782,0.902478756982,77,751,438
481,11,1000,Bowling-v0,0.0,9.0,0.123287671233,0.0121765601218,6,750,437
482,11,1000,Alien-v0,0.0,140.0,78.9931350114,0.609432483901,9,750,428
483,11,1000,DoubleDunk-v0,-14.0,0.0,-0.18691588785,0.88939750355,77,751,432
484,11,1000,PrivateEye-v0,-1000.0,0.0,-205.606481481,0.756729761317,6,751,433
485,11,1000,TimePilot-v0,100.0,400.0,366.743648961,0.810423972857,9,751,430
486,11,1000,IceHockey-v0,-6.0,2.0,-4.09534883721,0.493863049096,77,751,432
487,11,1000,Alien-v0,0.0,140.0,113.472222222,0.786470143613,9,750,422
488,11,1000,Bowling-v0,0.0,9.0,0.170616113744,0.0168509741969,6,751,430
489,11,1000,Asteroids-v0,20.0,1080.0,269.976744186,0.487188558739,451,751,426
490,11,1000,Boxing-v0,-71.0,-8.0,-26.2981220657,0.937158124132,77,750,422
491,11,1000,TimePilot-v0,100.0,400.0,373.45971564,0.8271019835,9,750,428
492,11,1000,DoubleDunk-v0,-12.0,2.0,-0.121495327103,0.977642147202,435,751,428
493,11,1000,PrivateEye-v0,-1000.0,4064.0,-130.196261682,0.389148888858,6,750,414
494,11,1000,ChopperCommand-v0,0.0,1200.0,239.855072464,0.427655513807,225,751,430
495,11,1000,IceHockey-v0,-6.0,2.0,-4.28372093023,0.46188630491,10,750,437
496,12,1000,TimePilot-v0,100.0,700.0,375.972540046,0.820182501342,6,751,437
497,12,1000,Boxing-v0,-70.0,-1.0,-26.1006864989,0.935614410521,56,751,437
498,12,1000,ChopperCommand-v0,0.0,1100.0,252.173913043,0.471534567644,205,751,430
499,12,1000,Alien-v0,0.0,140.0,96.2325581395,0.712672045562,9,750,432
500,12,1000,PrivateEye-v0,-1000.0,4064.0,-113.321759259,0.396478127222,6,750,428
501,12,1000,Freeway-v0,0.0,9.0,0.126168224299,0.01246105919,11,750,436
502,12,1000,DoubleDunk-v0,-12.0,2.0,-0.330275229358,0.967775489401,5,751,440
503,12,1000,Hero-v0,0.0,2770.0,6.29545454545,0.0020202020202,68,751,429
504,12,1000,Centipede-v0,50.0,5691.0,1347.53846154,0.392050086137,62,751,429
505,12,1000,Hero-v0,0.0,2860.0,6.66666666667,0.002072002072,3,750,417
506,12,1000,TimePilot-v0,100.0,700.0,385.851318945,0.848624803861,6,751,413
507,12,1000,Alien-v0,0.0,140.0,113.099273608,0.794672025388,9,751,417
508,12,1000,Freeway-v0,0.0,9.0,0.151079136691,0.0149213962164,11,751,419
509,12,1000,ChopperCommand-v0,0.0,1200.0,202.386634845,0.361530982056,225,750,423
510,12,1000,PrivateEye-v0,-1000.0,4064.0,-146.553191489,0.388296662348,41,750,416
511,12,1000,Centipede-v0,70.0,6617.0,1751.06490385,0.478442675719,22,750,422
512,12,1000,Boxing-v0,-70.0,-1.0,-24.4478672986,0.962281854089,56,751,423
513,12,1000,DoubleDunk-v0,-12.0,2.0,-0.132387706856,0.97633253459,435,750,419
514,12,1000,TimePilot-v0,100.0,700.0,384.964200477,0.843395503698,6,750,426
515,12,1000,ChopperCommand-v0,0.0,1200.0,266.197183099,0.451515678433,225,750,417
516,12,1000,PrivateEye-v0,-1000.0,4064.0,-200.877697842,0.364559715089,6,750,421
517,12,1000,DoubleDunk-v0,-2.0,2.0,-0.104513064133,0.84032726313,435,750,417
518,12,1000,Centipede-v0,60.0,7559.0,1630.05755396,0.401924266601,15,750,418
519,12,1000,Boxing-v0,-71.0,-1.0,-23.7799043062,0.947162711975,56,751,416
520,12,1000,Hero-v0,0.0,0.0,0.0,0.0,3,750,415
521,12,1000,Freeway-v0,0.0,9.0,0.575903614458,0.0585717355017,236,751,414
522,12,1000,Alien-v0,0.0,140.0,95.2173913043,0.686844786224,9,751,420
523,12,1000,Hero-v0,0.0,2820.0,6.71428571429,0.0021164021164,3,751,421
524,12,1000,TimePilot-v0,100.0,700.0,374.821852732,0.814286971057,6,751,419
525,12,1000,Centipede-v0,57.0,6367.0,2009.84486874,0.546414274232,60,750,420
526,12,1000,ChopperCommand-v0,0.0,1200.0,253.333333333,0.437683715461,225,751,423
527,12,1000,Alien-v0,0.0,140.0,97.4231678487,0.714902194132,9,751,423
528,12,1000,DoubleDunk-v0,-4.0,2.0,-0.113475177305,0.968975279456,483,751,429
529,12,1000,PrivateEye-v0,-1000.0,4064.0,-163.892773893,0.379923070855,6,750,433
530,12,1000,Freeway-v0,0.0,9.0,0.166281755196,0.0164228894021,25,751,437
531,12,1000,Boxing-v0,-70.0,-1.0,-23.8947368421,0.9676878729,56,751,427
532,12,1000,Freeway-v0,0.0,9.0,0.75644028103,0.0751213525955,362,750,427
533,12,1000,DoubleDunk-v0,-6.0,2.0,-0.107728337237,0.989851678376,435,751,438
534,12,1000,Alien-v0,0.0,140.0,109.474885845,0.758135826629,49,751,426
535,12,1000,Boxing-v0,-71.0,-1.0,-24.8661971831,0.953745329118,56,751,430
536,12,1000,TimePilot-v0,100.0,700.0,368.604651163,0.797932816537,6,751,425
537,12,1000,Hero-v0,0.0,0.0,0.0,0.0,3,751,424
538,12,1000,ChopperCommand-v0,0.0,1200.0,235.613207547,0.41523992546,225,751,430
539,12,1000,PrivateEye-v0,-1000.0,4064.0,-200.334883721,0.367487238374,41,750,429
540,12,1000,Centipede-v0,65.0,6644.0,1632.46620047,0.442333197508,6,751,434
541,13,1000,Centipede-v0,106.0,7275.0,2508.57373272,0.61025537908,6,750,432
542,13,1000,DoubleDunk-v0,-4.0,2.0,-0.189814814815,0.956790123457,435,750,433
543,13,1000,Atlantis-v0,1500.0,1500.0,1500.0,0.0,3,751,426
544,13,1000,Boxing-v0,-70.0,-1.0,-22.6854460094,0.95681778912,56,751,423
545,13,1000,ChopperCommand-v0,0.0,1200.0,277.541371158,0.465458366168,225,751,426
546,13,1000,KungFuMaster-v0,0.0,2000.0,29.3427230047,0.0230672926448,365,751,420
547,13,1000,TimePilot-v0,100.0,500.0,380.714285714,0.948941798942,156,751,418
548,13,1000,Tennis-v0,-12.0,0.0,-9.7009569378,0.264486975013,3,750,418
549,13,1000,Alien-v0,0.0,140.0,59.7129186603,0.480335036726,49,750,423
550,13,1000,Alien-v0,0.0,140.0,99.3617021277,0.779873809256,49,751,414
551,13,1000,Atlantis-v0,1500.0,3100.0,1525.12077295,0.025295222759,6,751,417
552,13,1000,Boxing-v0,-59.0,0.0,-23.9664268585,0.883822215425,305,751,413
553,13,1000,Tennis-v0,-12.0,0.0,-7.71670702179,0.392102352554,3,751,420
554,13,1000,TimePilot-v0,100.0,700.0,314.285714286,0.643856554968,42,750,416
555,13,1000,ChopperCommand-v0,0.0,1200.0,336.057692308,0.554249762583,225,750,406
556,13,1000,KungFuMaster-v0,0.0,0.0,0.0,0.0,3,751,403
557,13,1000,Centipede-v0,65.0,7275.0,1596.89578164,0.400604056391,391,750,406
558,13,1000,DoubleDunk-v0,-2.0,2.0,-0.108374384236,0.836343732895,391,751,408
559,13,1000,Alien-v0,0.0,140.0,53.8480392157,0.482326263839,9,750,416
560,13,1000,Atlantis-v0,1500.0,5000.0,1554.08653846,0.0247182975754,391,750,402
561,13,1000,KungFuMaster-v0,0.0,0.0,0.0,0.0,3,751,404
562,13,1000,ChopperCommand-v0,0.0,1200.0,313.613861386,0.510298252047,225,750,414
563,13,1000,Tennis-v0,-12.0,0.0,-6.89855072464,0.524959742351,3,750,417
564,13,1000,DoubleDunk-v0,-8.0,2.0,-0.134292565947,0.989416466827,435,750,415
565,13,1000,Centipede-v0,55.0,7275.0,1963.05783133,0.498583537733,391,750,425
566,13,1000,Boxing-v0,-71.0,0.0,-18.3294117647,0.932668147336,305,750,421
567,13,1000,TimePilot-v0,100.0,700.0,382.660332542,0.841734846485,6,750,416
568,13,1000,ChopperCommand-v0,0.0,1200.0,396.394230769,0.630015432099,225,750,416
569,13,1000,Centipede-v0,55.0,7920.0,2077.12259615,0.490753815626,532,750,414
570,13,1000,DoubleDunk-v0,-10.0,2.0,-0.125603864734,0.984314427149,435,750,423
571,13,1000,Atlantis-v0,1500.0,9300.0,1616.31205674,0.028843369087,6,751,430
572,13,1000,Boxing-v0,-71.0,1.0,-16.5790697674,0.936230739784,171,750,425
573,13,1000,Tennis-v0,-12.0,0.0,-6.03294117647,0.597066085694,3,750,418
574,13,1000,KungFuMaster-v0,0.0,0.0,0.0,0.0,3,750,424
575,13,1000,TimePilot-v0,100.0,700.0,357.783018868,0.772886093641,6,750,425
576,13,1000,Alien-v0,0.0,140.0,71.5529411765,0.657884487128,9,750,418
577,13,1000,DoubleDunk-v0,-10.0,2.0,-0.483253588517,0.972532340953,435,750,406
578,13,1000,Alien-v0,0.0,140.0,95.3448275862,0.804441316757,9,750,423
579,13,1000,Boxing-v0,-70.0,1.0,-20.5200945626,0.898009372789,171,750,413
580,13,1000,Centipede-v0,75.0,7920.0,1802.33898305,0.413192003265,532,751,407
581,13,1000,KungFuMaster-v0,0.0,0.0,0.0,0.0,3,751,422
582,13,1000,TimePilot-v0,100.0,700.0,367.535545024,0.797144696039,6,750,424
583,13,1000,Atlantis-v0,1500.0,7300.0,1520.04716981,0.00471386514507,6,751,419
584,13,1000,Tennis-v0,-12.0,0.0,-6.37708830549,0.516102419046,3,750,420
585,13,1000,ChopperCommand-v0,0.0,1200.0,430.238095238,0.605026455026,225,751,430
586,14,1000,Centipede-v0,55.0,7920.0,1774.1255814,0.414315802436,532,750,422
587,14,1000,Hero-v0,0.0,2820.0,6.68246445498,0.00210637177462,190,750,421
588,14,1000,Alien-v0,0.0,140.0,88.1472684086,0.779485190751,9,750,421
589,14,1000,DoubleDunk-v0,-10.0,2.0,-0.21377672209,0.984839154277,435,750,417
590,14,1000,WizardOfWor-v0,0.0,200.0,88.2494004796,0.481747934985,225,750,433
591,14,1000,TimePilot-v0,100.0,700.0,378.521939954,0.828443532062,6,750,427
592,14,1000,ChopperCommand-v0,0.0,1000.0,133.957845433,0.229986989331,225,751,429
593,14,1000,Boxing-v0,-71.0,1.0,-17.2680652681,0.902117886686,171,750,429
594,14,1000,Gravitar-v0,0.0,250.0,1.6317016317,0.00779072779073,27,750,431
595,14,1000,Gravitar-v0,0.0,250.0,0.580046403712,0.0020623872132,491,750,421
596,14,1000,Boxing-v0,-70.0,3.0,-13.7220902613,0.924095641644,424,750,421
597,14,1000,Alien-v0,0.0,140.0,98.0997624703,0.921464389398,24,750,427
598,14,1000,Centipede-v0,105.0,7920.0,1947.06791569,0.458411274406,532,751,421
599,14,1000,WizardOfWor-v0,0.0,400.0,84.5605700713,0.402744787543,6,751,433
600,14,1000,DoubleDunk-v0,-2.0,2.0,-0.13856812933,0.825250192456,435,750,433
601,14,1000,Hero-v0,0.0,2820.0,6.51270207852,0.00205286117526,190,751,435
602,14,1000,TimePilot-v0,100.0,700.0,382.988505747,0.840754931176,6,750,421
603,14,1000,ChopperCommand-v0,0.0,1200.0,473.871733967,0.696372540395,225,751,423
604,14,1000,Boxing-v0,-59.0,3.0,-8.79669030733,0.942556389498,424,750,423
605,14,1000,DoubleDunk-v0,-6.0,2.0,-0.293144208038,0.981087470449,435,750,427
606,14,1000,WizardOfWor-v0,0.0,200.0,140.515222482,0.697371844913,11,751,429
607,14,1000,Alien-v0,0.0,140.0,92.0512820513,0.874765446194,9,751,427
608,14,1000,TimePilot-v0,100.0,700.0,382.669789227,0.839853124006,6,751,426
609,14,1000,Gravitar-v0,0.0,250.0,2.34741784038,0.00834637454356,307,750,427
610,14,1000,Hero-v0,0.0,0.0,0.0,0.0,3,750,421
611,14,1000,ChopperCommand-v0,0.0,1200.0,512.826603325,0.734318641682,225,751,420
612,14,1000,Centipede-v0,60.0,7920.0,2004.94047619,0.469540215686,532,750,420
613,14,1000,DoubleDunk-v0,-4.0,2.0,-0.233333333333,0.950264550265,435,750,419
614,14,1000,Boxing-v0,-70.0,3.0,-11.937947494,0.931483958799,424,751,429
615,14,1000,Hero-v0,0.0,0.0,0.0,0.0,3,751,435
616,14,1000,Centipede-v0,51.0,7920.0,2248.07816092,0.519437021308,532,751,440
617,14,1000,Gravitar-v0,0.0,250.0,2.61363636364,0.0131717171717,305,751,429
618,14,1000,TimePilot-v0,100.0,700.0,384.149184149,0.845376845377,6,751,433
619,14,1000,Alien-v0,0.0,140.0,84.4341801386,0.797264248271,9,751,430
620,14,1000,WizardOfWor-v0,0.0,200.0,146.046511628,0.713178294574,6,750,429
621,14,1000,ChopperCommand-v0,0.0,1200.0,561.771561772,0.788224121557,225,751,431
622,14,1000,ChopperCommand-v0,0.0,1200.0,615.081206497,0.851164389447,225,751,432
623,14,1000,DoubleDunk-v0,-4.0,2.0,-0.175925925926,0.958847736626,435,750,426
624,14,1000,Alien-v0,0.0,140.0,93.9671361502,0.905198386084,49,751,434
625,14,1000,TimePilot-v0,100.0,700.0,389.631336406,0.857711782443,6,750,430
626,14,1000,Boxing-v0,-70.0,3.0,-9.83720930233,0.941373393014,424,751,434
627,14,1000,Gravitar-v0,0.0,250.0,0.576036866359,0.00204813108039,304,751,437
628,14,1000,Centipede-v0,65.0,7920.0,2172.32723112,0.504449684894,532,750,432
629,14,1000,WizardOfWor-v0,0.0,200.0,130.787037037,0.683127572016,13,751,433
630,14,1000,Hero-v0,0.0,2820.0,6.51270207852,0.00205286117526,190,750,443
631,15,1000,Jamesbond-v0,0.0,300.0,5.07900677201,0.0345567538946,339,750,445
632,15,1000,WizardOfWor-v0,0.0,200.0,124.719101124,0.681148564295,13,750,444
633,15,1000,Boxing-v0,-71.0,3.0,-10.8806306306,0.935259583908,424,750,436
634,15,1000,ChopperCommand-v0,0.0,1200.0,594.036697248,0.835825121758,225,751,444
635,15,1000,TimePilot-v0,100.0,700.0,388.738738739,0.858191524858,6,750,436
636,15,1000,Alien-v0,0.0,140.0,93.5550458716,0.898333645385,9,750,437
637,15,1000,DoubleDunk-v0,-4.0,2.0,-0.25171624714,0.94765093087,80,750,435
638,15,1000,Zaxxon-v0,0.0,0.0,0.0,0.0,3,751,426
639,15,1000,FishingDerby-v0,-46.0,-28.0,-45.7863849765,0.0227206862575,9,750,413
640,15,1000,Alien-v0,0.0,140.0,93.1476997579,0.870177288026,9,751,429
641,15,1000,TimePilot-v0,100.0,400.0,380.186480186,0.843074620852,9,750,420
642,15,1000,Zaxxon-v0,0.0,200.0,0.47619047619,0.0021164021164,74,751,418
643,15,1000,Jamesbond-v0,0.0,150.0,7.53588516746,0.0815169236222,331,751,430
644,15,1000,FishingDerby-v0,-46.0,-40.0,-45.9093023256,0.024576514499,410,750,413
645,15,1000,ChopperCommand-v0,0.0,1200.0,504.842615012,0.726601500613,225,750,416
646,15,1000,Boxing-v0,-70.0,3.0,-9.22596153846,0.942548673361,424,750,409
647,15,1000,WizardOfWor-v0,0.0,200.0,134.718826406,0.723716381418,13,751,425
648,15,1000,DoubleDunk-v0,-2.0,2.0,-0.334117647059,0.736209150327,435,751,429
649,15,1000,WizardOfWor-v0,0.0,200.0,158.041958042,0.754208754209,6,750,430
650,15,1000,Jamesbond-v0,0.0,200.0,5.58139534884,0.0439276485788,494,750,427
651,15,1000,Zaxxon-v0,0.0,0.0,0.0,0.0,9,750,426
652,15,1000,Alien-v0,0.0,140.0,91.220657277,0.848434522479,9,750,426
653,15,1000,TimePilot-v0,100.0,700.0,375.117370892,0.81608995537,6,751,423
654,15,1000,Boxing-v0,-71.0,3.0,-14.5271867612,0.920207153675,424,750,427
655,15,1000,ChopperCommand-v0,0.0,1200.0,591.569086651,0.821580362564,225,750,435
656,15,1000,FishingDerby-v0,-46.0,-40.0,-45.8689655172,0.0340570455513,555,751,445
657,15,1000,DoubleDunk-v0,-2.0,2.0,-0.229213483146,0.785018726592,435,750,443
658,15,1000,WizardOfWor-v0,0.0,200.0,115.124153499,0.583897667419,13,750,438
659,15,1000,TimePilot-v0,100.0,700.0,381.506849315,0.834545352049,9,751,430
660,15,1000,Zaxxon-v0,0.0,0.0,0.0,0.0,9,751,433
661,15,1000,Alien-v0,0.0,140.0,88.96073903,0.803716097678,9,750,431
662,15,1000,ChopperCommand-v0,0.0,1200.0,539.211136891,0.752828621351,225,751,433
663,15,1000,Jamesbond-v0,0.0,0.0,0.0,0.0,9,751,433
664,15,1000,DoubleDunk-v0,-10.0,2.0,-0.397228637413,0.980583354717,435,751,423
665,15,1000,Boxing-v0,-70.0,1.0,-8.78486997636,0.934571345542,303,751,421
666,15,1000,FishingDerby-v0,-46.0,-40.0,-45.8954869359,0.0243981114923,309,750,429
667,15,1000,Zaxxon-v0,0.0,0.0,0.0,0.0,9,751,426
668,15,1000,WizardOfWor-v0,0.0,200.0,141.784037559,0.6802295253,13,750,429
669,15,1000,Jamesbond-v0,0.0,150.0,3.84615384615,0.0430515986072,319,750,425
670,15,1000,FishingDerby-v0,-46.0,-40.0,-45.8894117647,0.0309077705156,372,750,429
671,15,1000,Alien-v0,0.0,140.0,91.351981352,0.8500282786,9,750,428
672,15,1000,ChopperCommand-v0,0.0,700.0,495.327102804,0.725793120987,225,751,429
673,15,1000,TimePilot-v0,100.0,700.0,391.608391608,0.864715531382,6,751,424
674,15,1000,DoubleDunk-v0,-12.0,2.0,-0.396226415094,0.980447524922,435,751,427
675,15,1000,Boxing-v0,-71.0,3.0,-10.5433255269,0.929866127917,424,751,423
676,16,2000,PrivateEye-v0,-1000.0,0.0,-104.312056738,0.814841477279,81,751,418
677,16,2000,TimePilot-v0,200.0,500.0,491.148325359,0.872112942288,9,751,417
678,16,2000,DoubleDunk-v0,-2.0,0.0,-0.273381294964,0.767386091127,9,750,427
679,16,2000,Alien-v0,0.0,140.0,90.8196721311,0.865395338463,9,750,429
680,16,2000,Boxing-v0,-100.0,4.0,-18.1701631702,0.923656608568,303,751,427
681,16,2000,Krull-v0,0.0,1188.0,23.9648711944,0.0319254810065,564,750,429
682,16,2000,WizardOfWor-v0,0.0,500.0,174.125874126,0.588365708366,314,750,416
683,16,2000,ChopperCommand-v0,0.0,1100.0,564.663461538,0.823391255209,4,751,422
684,16,2000,KungFuMaster-v0,0.0,0.0,0.0,0.0,3,751,418
685,16,2000,KungFuMaster-v0,0.0,0.0,0.0,0.0,3,751,423
686,16,2000,Alien-v0,0.0,140.0,90.2600472813,0.877738644709,9,751,429
687,16,2000,Krull-v0,0.0,2529.0,151.731934732,0.0977166166295,304,750,424
688,16,2000,PrivateEye-v0,-1000.0,100.0,-141.910377358,0.843864927145,312,751,413
689,16,2000,WizardOfWor-v0,0.0,500.0,184.987893462,0.605735808448,318,751,423
690,16,2000,ChopperCommand-v0,0.0,1100.0,559.810874704,0.805475776462,390,750,416
691,16,2000,DoubleDunk-v0,-24.0,0.0,-0.466346153846,0.899364909782,9,751,416
692,16,2000,Boxing-v0,-100.0,4.0,-15.5096153846,0.942121200627,303,751,421
693,16,2000,TimePilot-v0,200.0,500.0,492.16152019,0.876924430369,9,751,426
694,16,2000,PrivateEye-v0,-1000.0,0.0,-157.230046948,0.764643422014,49,750,417
695,16,2000,KungFuMaster-v0,0.0,0.0,0.0,0.0,3,751,409
696,16,2000,Krull-v0,0.0,2754.0,151.86797066,0.0952310570227,6,750,416
697,16,2000,ChopperCommand-v0,0.0,1200.0,593.028846154,0.818999287749,27,750,416
698,16,2000,Boxing-v0,-100.0,3.0,-13.6850961538,0.938942544348,304,750,427
699,16,2000,Alien-v0,0.0,140.0,94.3091334895,0.919987042436,9,751,428
700,16,2000,WizardOfWor-v0,0.0,400.0,170.560747664,0.603322949117,12,751,419
701,16,2000,TimePilot-v0,200.0,500.0,488.30548926,0.860838563305,9,750,423
702,16,2000,DoubleDunk-v0,-2.0,2.0,-0.269503546099,0.767008142895,380,751,414
703,16,2000,KungFuMaster-v0,0.0,0.0,0.0,0.0,3,750,414
704,16,2000,DoubleDunk-v0,-4.0,0.0,-0.507246376812,0.886741814278,9,750,416
705,16,2000,Boxing-v0,-100.0,-6.0,-34.4206730769,0.931879297203,305,750,414
706,16,2000,ChopperCommand-v0,0.0,1200.0,302.657004831,0.49576549174,27,751,418
707,16,2000,WizardOfWor-v0,0.0,500.0,178.947368421,0.581818181818,324,750,427
708,16,2000,PrivateEye-v0,-1000.0,0.0,-380.81264637,0.587574703097,49,750,419
709,16,2000,Krull-v0,0.0,2700.0,238.546539379,0.143981643755,386,750,419
710,16,2000,Alien-v0,0.0,140.0,90.0,0.843255997705,9,751,425
711,16,2000,TimePilot-v0,200.0,500.0,476.0,0.82614379085,11,750,410
712,16,2000,Boxing-v0,-100.0,3.0,-19.0219512195,0.905877685792,372,750,422
713,16,2000,WizardOfWor-v0,0.0,500.0,227.251184834,0.717767245919,324,750,417
714,16,2000,ChopperCommand-v0,0.0,1200.0,572.661870504,0.795985433875,27,751,424
715,16,2000,TimePilot-v0,200.0,500.0,490.330188679,0.866759841603,11,750,421
716,16,2000,Alien-v0,0.0,140.0,91.4964370546,0.887854746016,11,751,424
717,16,2000,Krull-v0,0.0,3006.0,206.183962264,0.132080659405,310,751,429
718,16,2000,KungFuMaster-v0,0.0,0.0,0.0,0.0,3,750,429
719,16,2000,PrivateEye-v0,-1000.0,100.0,-217.137529138,0.7686590405,305,750,427
720,16,2000,DoubleDunk-v0,-2.0,0.0,-0.266978922717,0.770231589904,11,750,430
721,17,2000,FishingDerby-v0,-84.0,-52.0,-77.9465116279,0.42677244832,312,750,426
722,17,2000,PrivateEye-v0,-1000.0,4000.0,-134.823943662,0.397072292624,39,751,436
723,17,2000,Boxing-v0,-100.0,3.0,-61.9311926606,0.515410674433,372,750,432
724,17,2000,Tennis-v0,-24.0,0.0,-9.39583333333,0.643254172382,3,751,428
725,17,2000,ChopperCommand-v0,0.0,1200.0,128.504672897,0.196146302065,326,750,429
726,17,2000,DoubleDunk-v0,-2.0,0.0,-0.37296037296,0.723128723129,11,750,430
727,17,2000,Alien-v0,0.0,140.0,102.255813953,0.717397036334,49,750,432
728,17,2000,Venture-v0,0.0,0.0,0.0,0.0,49,750,435
729,17,2000,TimePilot-v0,200.0,500.0,446.206896552,0.751298424862,11,750,428
730,17,2000,ChopperCommand-v0,0.0,1200.0,132.943925234,0.190983039114,27,751,421
731,17,2000,DoubleDunk-v0,-2.0,2.0,-0.266033254157,0.768540512008,398,750,434
732,17,2000,FishingDerby-v0,-84.0,-76.0,-78.2995391705,0.962621607783,387,751,440
733,17,2000,Alien-v0,0.0,140.0,104.295454545,0.708266336838,49,750,443
734,17,2000,PrivateEye-v0,-1000.0,4000.0,-709.920993228,0.131792841776,39,751,441
735,17,2000,TimePilot-v0,200.0,500.0,460.090702948,0.785868256768,11,751,433
736,17,2000,Boxing-v0,-100.0,4.0,-24.0923787529,0.907508127174,330,751,427
737,17,2000,Tennis-v0,-24.0,0.0,-8.02341920375,0.645184606933,3,750,423
738,17,2000,Venture-v0,0.0,0.0,0.0,0.0,3,750,427
739,17,2000,FishingDerby-v0,-88.0,-70.0,-78.2107728337,0.912250267442,328,751,427
740,17,2000,PrivateEye-v0,-1000.0,4000.0,-274.323185012,0.333427163362,39,750,414
741,17,2000,TimePilot-v0,200.0,500.0,484.299516908,0.850002982048,6,750,414
742,17,2000,Venture-v0,0.0,0.0,0.0,0.0,49,751,422
743,17,2000,Boxing-v0,-100.0,4.0,-20.481042654,0.923738669683,330,751,410
744,17,2000,ChopperCommand-v0,0.0,1200.0,562.682926829,0.777687443541,27,751,421
745,17,2000,DoubleDunk-v0,-20.0,2.0,-0.496437054632,0.954114672966,398,751,418
746,17,2000,Tennis-v0,-24.0,0.0,-4.63875598086,0.749534821903,3,750,424
747,17,2000,Alien-v0,0.0,140.0,93.3490566038,0.870577161682,49,751,426
748,17,2000,PrivateEye-v0,-1000.0,4000.0,-216.901408451,0.359801614022,39,750,421
749,17,2000,Boxing-v0,-100.0,4.0,-18.9643705463,0.9224428859,330,751,428
750,17,2000,DoubleDunk-v0,-16.0,2.0,-0.570093457944,0.966065407741,398,751,422
751,17,2000,Tennis-v0,-24.0,0.0,-4.21563981043,0.763596337254,3,750,432
752,17,2000,Venture-v0,0.0,0.0,0.0,0.0,3,750,421
753,17,2000,FishingDerby-v0,-84.0,-74.0,-78.3064133017,0.916843494326,504,751,424
754,17,2000,ChopperCommand-v0,0.0,1200.0,551.886792453,0.760423945959,27,751,422
755,17,2000,TimePilot-v0,200.0,500.0,488.862559242,0.863378386285,11,750,418
756,17,2000,Alien-v0,0.0,140.0,91.004784689,0.876954290488,49,750,418
757,17,2000,DoubleDunk-v0,-2.0,2.0,-0.311004784689,0.746411483254,398,751,419
758,17,2000,Alien-v0,0.0,140.0,97.446300716,0.897850946266,49,750,407
759,17,2000,Boxing-v0,-100.0,4.0,-24.4152334152,0.854496912189,330,751,418
760,17,2000,FishingDerby-v0,-84.0,-66.0,-78.2272727273,0.661717893687,326,750,413
761,17,2000,PrivateEye-v0,-1000.0,4000.0,-127.254237288,0.400857552478,39,750,412
762,17,2000,ChopperCommand-v0,0.0,1200.0,615.533980583,0.822006472492,27,751,407
763,17,2000,Venture-v0,0.0,0.0,0.0,0.0,3,750,410
764,17,2000,Tennis-v0,-24.0,0.0,-2.72195121951,0.807949412827,3,751,411
765,17,2000,TimePilot-v0,200.0,600.0,485.644768856,0.959178156258,344,750,409
766,18,2000,FishingDerby-v0,-84.0,-66.0,-78.217603912,0.665009843675,326,751,410
