tpgGen,envGen,frames,envName,tpgMin,tpgMax,tpgAvg,envFit,championSize
1,1,200,TimePilot-v0,0.0,200.0,15.2777777778,0.133333333333,3
2,1,200,Alien-v0,0.0,140.0,66.975308642,0.552616108172,6
3,1,200,MsPacman-v0,50.0,160.0,63.0618892508,0.275159052772,3
4,1,200,Zaxxon-v0,0.0,0.0,0.0,0.0,6
5,1,200,Kangaroo-v0,0.0,0.0,0.0,0.0,4
6,1,200,DoubleDunk-v0,-2.0,0.0,-0.0805860805861,0.853072853073,3
7,1,200,Hero-v0,0.0,0.0,0.0,0.0,3
8,1,200,RoadRunner-v0,0.0,200.0,45.2898550725,0.206119162641,6
9,1,200,Bowling-v0,0.0,0.0,0.0,0.0,4
10,1,200,Hero-v0,0.0,0.0,0.0,0.0,4
11,1,200,Kangaroo-v0,0.0,0.0,0.0,0.0,4
12,1,200,TimePilot-v0,0.0,100.0,14.2335766423,0.126520681265,3
13,1,200,RoadRunner-v0,0.0,300.0,46.2121212121,0.231200897868,9
14,1,200,Zaxxon-v0,0.0,0.0,0.0,0.0,6
15,1,200,Alien-v0,0.0,140.0,76.5055762082,0.625884058704,3
16,1,200,MsPacman-v0,50.0,160.0,65.7915057915,0.29801702529,6
17,1,200,Bowling-v0,0.0,0.0,0.0,0.0,6
18,1,200,DoubleDunk-v0,-2.0,0.0,-0.0866141732283,0.850393700787,6
19,1,200,RoadRunner-v0,0.0,200.0,68.9516129032,0.318996415771,4
20,1,200,Zaxxon-v0,0.0,0.0,0.0,0.0,6
21,1,200,Bowling-v0,0.0,0.0,0.0,0.0,6
22,1,200,Alien-v0,0.0,180.0,91.9305019305,0.752879863991,7
23,1,200,DoubleDunk-v0,-2.0,0.0,-0.183908045977,0.807151979566,3
24,1,200,Kangaroo-v0,0.0,0.0,0.0,0.0,6
25,1,200,MsPacman-v0,50.0,160.0,64.6923076923,0.310178710179,6
26,1,200,Hero-v0,0.0,0.0,0.0,0.0,6
27,1,200,TimePilot-v0,0.0,100.0,9.80392156863,0.0871459694989,11
28,1,200,Kangaroo-v0,0.0,0.0,0.0,0.0,6
29,1,200,Bowling-v0,0.0,0.0,0.0,0.0,6
30,1,200,RoadRunner-v0,0.0,200.0,82.1292775665,0.378538234052,6
31,1,200,Alien-v0,0.0,140.0,74.531835206,0.683227598155,6
32,1,200,Zaxxon-v0,0.0,0.0,0.0,0.0,6
33,1,200,MsPacman-v0,50.0,80.0,64.5275590551,0.816175755808,16
34,1,200,DoubleDunk-v0,-4.0,0.0,-0.102362204724,0.884514435696,6
35,1,200,TimePilot-v0,0.0,100.0,4.72440944882,0.0419947506562,4
36,1,200,Hero-v0,0.0,0.0,0.0,0.0,6
37,1,200,RoadRunner-v0,0.0,200.0,90.9090909091,0.427609427609,6
38,1,200,DoubleDunk-v0,-2.0,0.0,-0.0637450199203,0.860557768924,6
39,1,200,Alien-v0,0.0,140.0,79.4071146245,0.787000439174,6
40,1,200,Bowling-v0,0.0,0.0,0.0,0.0,6
41,1,200,Hero-v0,0.0,0.0,0.0,0.0,6
42,1,200,Zaxxon-v0,0.0,0.0,0.0,0.0,6
43,1,200,TimePilot-v0,0.0,100.0,4.78087649402,0.0424966799469,6
44,1,200,MsPacman-v0,50.0,180.0,67.7822580645,0.299060465314,40
45,1,200,Kangaroo-v0,0.0,0.0,0.0,0.0,6
46,2,200,Jamesbond-v0,0.0,50.0,0.2,0.00355555555556,10
47,2,200,Venture-v0,0.0,0.0,0.0,0.0,6
48,2,200,DoubleDunk-v0,-2.0,0.0,-0.133858267717,0.829396325459,6
49,2,200,Alien-v0,0.0,140.0,90.3137254902,0.784811702459,6
50,2,200,RoadRunner-v0,0.0,200.0,92.0948616601,0.425120772947,6
51,2,200,TimePilot-v0,0.0,100.0,5.49019607843,0.0488017429194,6
52,2,200,Hero-v0,0.0,0.0,0.0,0.0,6
53,2,200,Frostbite-v0,0.0,40.0,4.54183266932,0.102700309872,5
54,2,200,MsPacman-v0,60.0,130.0,66.5975103734,0.219568878727,40
55,2,200,Jamesbond-v0,0.0,50.0,0.204081632653,0.00362811791383,34
56,2,200,TimePilot-v0,0.0,100.0,6.22406639004,0.0553250345781,6
57,2,200,Venture-v0,0.0,0.0,0.0,0.0,6
58,2,200,Hero-v0,0.0,0.0,0.0,0.0,6
59,2,200,RoadRunner-v0,0.0,300.0,136.653386454,0.680340366927,49
60,2,200,Alien-v0,0.0,140.0,99.1732283465,0.89088863892,6
61,2,200,DoubleDunk-v0,-2.0,0.0,-0.062015503876,0.861326442722,6
62,2,200,MsPacman-v0,40.0,160.0,67.9365079365,0.511757789536,6
63,2,200,Frostbite-v0,0.0,40.0,12.52,0.279555555556,6
64,2,200,Alien-v0,0.0,210.0,102.979591837,0.7889963544,40
65,2,200,RoadRunner-v0,0.0,300.0,102.100840336,0.503371719058,49
66,2,200,MsPacman-v0,40.0,160.0,69.4957983193,0.530137981118,6
67,2,200,TimePilot-v0,0.0,100.0,5.02092050209,0.044630404463,6
68,2,200,Hero-v0,0.0,0.0,0.0,0.0,6
69,2,200,Jamesbond-v0,0.0,0.0,0.0,0.0,6
70,2,200,Venture-v0,0.0,0.0,0.0,0.0,6
71,2,200,DoubleDunk-v0,-2.0,0.0,-0.0485829959514,0.867296446244,6
72,2,200,Frostbite-v0,0.0,40.0,13.3464566929,0.297900262467,6
73,2,200,DoubleDunk-v0,-2.0,0.0,-0.0483870967742,0.867383512545,6
74,2,200,Frostbite-v0,0.0,40.0,11.5019762846,0.256916996047,6
75,2,200,TimePilot-v0,0.0,200.0,6.88259109312,0.0575798470535,9
76,2,200,MsPacman-v0,50.0,220.0,70.5785123967,0.273283320783,26
77,2,200,Hero-v0,0.0,0.0,0.0,0.0,6
78,2,200,Alien-v0,0.0,210.0,103.138075314,0.816343397734,40
79,2,200,Venture-v0,0.0,0.0,0.0,0.0,6
80,2,200,Jamesbond-v0,0.0,50.0,0.214592274678,0.00381497377206,73
81,2,200,RoadRunner-v0,0.0,300.0,92.6406926407,0.459195125862,49
82,2,200,Jamesbond-v0,0.0,50.0,0.436681222707,0.00776322173702,73
83,2,200,Venture-v0,0.0,0.0,0.0,0.0,6
84,2,200,DoubleDunk-v0,-2.0,2.0,-0.0889830508475,0.84604519774,32
85,2,200,MsPacman-v0,50.0,170.0,72.4034334764,0.376410745509,26
86,2,200,RoadRunner-v0,0.0,200.0,117.796610169,0.531073446328,6
87,2,200,Frostbite-v0,0.0,50.0,9.28571428571,0.232007469655,49
88,2,200,Hero-v0,0.0,0.0,0.0,0.0,6
89,2,200,Alien-v0,0.0,210.0,104.273858921,0.798361576073,42
90,2,200,TimePilot-v0,0.0,200.0,3.68852459016,0.0291438979964,49
91,3,200,Alien-v0,0.0,140.0,111.120689655,0.791774180937,40
92,3,200,RoadRunner-v0,0.0,300.0,122.175732218,0.603336949223,49
93,3,200,MsPacman-v0,40.0,160.0,68.9211618257,0.520823728293,10
94,3,200,Skiing-v0,-1052.0,-949.0,-1000.57692308,0.825834683,39
95,3,200,DoubleDunk-v0,-2.0,2.0,-0.0672268907563,0.855275443511,32
96,3,200,Frostbite-v0,0.0,50.0,13.164556962,0.327051101735,49
97,3,200,TimePilot-v0,0.0,200.0,7.42358078603,0.0582241630277,9
98,3,200,WizardOfWor-v0,0.0,0.0,0.0,0.0,6
99,3,200,FishingDerby-v0,-6.0,0.0,-5.94893617021,0.00756501182033,4
100,3,200,RoadRunner-v0,0.0,300.0,68.669527897,0.339108779738,49
101,3,200,Alien-v0,0.0,210.0,101.548117155,0.797131745926,40
102,3,200,TimePilot-v0,0.0,200.0,17.094017094,0.148148148148,9
103,3,200,WizardOfWor-v0,0.0,100.0,1.31578947368,0.0116959064327,44
104,3,200,MsPacman-v0,20.0,160.0,73.5744680851,0.707946157186,10
105,3,200,FishingDerby-v0,-6.0,-4.0,-5.98253275109,0.00776322173702,10
106,3,200,Skiing-v0,-1050.0,-955.0,-999.90990991,0.841452200123,81
107,3,200,DoubleDunk-v0,-2.0,2.0,-0.0355555555556,0.869135802469,32
108,3,200,Frostbite-v0,0.0,80.0,13.4061135371,0.295366327026,47
109,3,200,RoadRunner-v0,0.0,200.0,69.8689956332,0.314410480349,6
110,3,200,MsPacman-v0,50.0,160.0,78.7878787879,0.438577033618,10
111,3,200,Skiing-v0,-1052.0,-949.0,-999.050632911,0.842165828207,40
112,3,200,FishingDerby-v0,-6.0,-6.0,-6.0,0.0,6
113,3,200,Frostbite-v0,0.0,80.0,17.0212765957,0.374468085106,47
114,3,200,Alien-v0,0.0,210.0,86.7510548523,0.649012972903,40
115,3,200,WizardOfWor-v0,0.0,0.0,0.0,0.0,44
116,3,200,TimePilot-v0,0.0,200.0,17.2566371681,0.149459193707,9
117,3,200,DoubleDunk-v0,-2.0,2.0,-0.0420168067227,0.866479925303,32
118,3,200,Skiing-v0,-1052.0,-932.0,-998.434210526,0.783528806584,16
119,3,200,Frostbite-v0,0.0,80.0,21.7094017094,0.478869895537,6
120,3,200,WizardOfWor-v0,0.0,0.0,0.0,0.0,6
121,3,200,Alien-v0,0.0,140.0,97.3913043478,0.735403726708,40
122,3,200,FishingDerby-v0,-6.0,-4.0,-5.99152542373,0.00376647834275,15
123,3,200,DoubleDunk-v0,-2.0,2.0,-0.0502092050209,0.862854486285,32
124,3,200,TimePilot-v0,0.0,200.0,23.3333333333,0.203703703704,9
125,3,200,MsPacman-v0,60.0,160.0,67.8991596639,0.156115779645,44
126,3,200,RoadRunner-v0,0.0,200.0,68.6440677966,0.312617702448,6
127,3,200,FishingDerby-v0,-6.0,-2.0,-5.98347107438,0.00367309458219,3
128,3,200,Frostbite-v0,0.0,40.0,21.7573221757,0.48349604835,6
129,3,200,MsPacman-v0,50.0,220.0,80.5179282869,0.355486933466,26
130,3,200,WizardOfWor-v0,0.0,100.0,0.401606425703,0.00356983489514,11
131,3,200,Skiing-v0,-1062.0,-940.0,-996.607287449,0.872178585923,30
132,3,200,Alien-v0,0.0,210.0,113.580246914,0.849712846577,40
133,3,200,TimePilot-v0,0.0,200.0,19.7478991597,0.164332399627,9
134,3,200,RoadRunner-v0,0.0,200.0,92.4369747899,0.429505135387,6
135,3,200,DoubleDunk-v0,-2.0,2.0,-0.0675105485232,0.855133614627,32
136,4,200,DoubleDunk-v0,-2.0,2.0,-0.00854700854701,0.881291547958,32
137,4,200,Centipede-v0,0.0,2010.0,102.497942387,0.0989566165265,95
138,4,200,MsPacman-v0,50.0,220.0,68.3404255319,0.250286714602,18
139,4,200,UpNDown-v0,10.0,970.0,70.8898305085,0.143896964585,54
140,4,200,Alien-v0,0.0,140.0,109.583333333,0.812925170068,40
141,4,200,BattleZone-v0,0.0,1000.0,133.620689655,0.11877394636,44
142,4,200,Frostbite-v0,0.0,70.0,32.6778242678,0.768052827826,53
143,4,200,RoadRunner-v0,0.0,400.0,119.491525424,0.533898305085,53
144,4,200,Skiing-v0,-1073.0,-940.0,-997.347826087,0.905253653912,30
145,4,200,Centipede-v0,0.0,1231.0,86.1681415929,0.115514006143,30
146,4,200,UpNDown-v0,10.0,520.0,70.046728972,0.248120880099,44
147,4,200,Skiing-v0,-1048.0,-934.0,-995.825688073,0.803864374171,73
148,4,200,DoubleDunk-v0,-2.0,2.0,-0.0730593607306,0.852359208524,6
149,4,200,RoadRunner-v0,0.0,400.0,147.844827586,0.649904214559,53
150,4,200,BattleZone-v0,0.0,1000.0,135.964912281,0.120857699805,9
151,4,200,Frostbite-v0,0.0,40.0,12.5531914894,0.280378250591,6
152,4,200,Alien-v0,0.0,210.0,110.510638298,0.840736988255,40
153,4,200,MsPacman-v0,50.0,220.0,67.5641025641,0.246414101085,44
154,4,200,DoubleDunk-v0,-2.0,2.0,-0.0666666666667,0.855555555556,32
155,4,200,UpNDown-v0,10.0,1870.0,94.4888888889,0.101480482294,11
156,4,200,Frostbite-v0,0.0,40.0,20.4564315353,0.455970493315,6
157,4,200,Alien-v0,0.0,210.0,116.962025316,0.855371747074,40
158,4,200,BattleZone-v0,0.0,1000.0,107.883817427,0.0958967266021,16
159,4,200,RoadRunner-v0,0.0,400.0,120.081967213,0.531420765027,53
160,4,200,MsPacman-v0,40.0,220.0,71.7355371901,0.393429241914,26
161,4,200,Centipede-v0,0.0,1920.0,207.809917355,0.207786374637,10
162,4,200,Skiing-v0,-1063.0,-934.0,-1000.36929461,0.836707616867,73
163,4,200,DoubleDunk-v0,-2.0,0.0,-0.0526315789474,0.865497076023,26
164,4,200,Skiing-v0,-1048.0,-934.0,-995.955752212,0.799344356164,73
165,4,200,Centipede-v0,0.0,1231.0,317.353191489,0.383404471576,66
166,4,200,UpNDown-v0,10.0,1530.0,95.1072961373,0.125311915056,11
167,4,200,Alien-v0,0.0,210.0,110.299145299,0.814767439106,40
168,4,200,MsPacman-v0,50.0,220.0,70.8979591837,0.276389771595,26
169,4,200,RoadRunner-v0,0.0,400.0,124.267782427,0.549046954905,53
170,4,200,Frostbite-v0,0.0,70.0,18.683127572,0.438509560203,53
171,4,200,BattleZone-v0,0.0,1000.0,487.179487179,0.433048433048,16
172,4,200,Centipede-v0,0.0,1640.0,535.372384937,0.566525830438,5
173,4,200,RoadRunner-v0,0.0,400.0,110.416666667,0.488425925926,53
174,4,200,DoubleDunk-v0,-2.0,0.0,-0.0729613733906,0.858369098712,6
175,4,200,Frostbite-v0,0.0,80.0,28.3404255319,0.623640661939,10
176,4,200,Alien-v0,0.0,140.0,120.289256198,0.806881430258,16
177,4,200,Skiing-v0,-1060.0,-934.0,-998.658333333,0.840677286004,73
178,4,200,MsPacman-v0,50.0,220.0,69.4190871369,0.259434210589,26
179,4,200,UpNDown-v0,10.0,1540.0,85.9574468085,0.112720098057,12
180,4,200,BattleZone-v0,0.0,1000.0,156.11814346,0.138771683075,9
181,5,200,Atlantis-v0,0.0,400.0,4.13223140496,0.0110192837466,40
182,5,200,Skiing-v0,-1053.0,-934.0,-998.130612245,0.802781488746,73
183,5,200,DoubleDunk-v0,-2.0,0.0,-0.0962343096234,0.847977684798,6
184,5,200,TimePilot-v0,0.0,200.0,10.0418410042,0.0781032078103,9
185,5,200,Kangaroo-v0,0.0,0.0,0.0,0.0,6
186,5,200,MsPacman-v0,50.0,440.0,71.5517241379,0.125940536197,8
187,5,200,RoadRunner-v0,0.0,200.0,122.033898305,0.564971751412,6
188,5,200,Frostbite-v0,0.0,80.0,14.76,0.326333333333,10
189,5,200,Alien-v0,0.0,210.0,111.851851852,0.848369099202,40
190,5,200,Skiing-v0,-1055.0,-934.0,-997.31120332,0.82172898511,9
191,5,200,Kangaroo-v0,0.0,0.0,0.0,0.0,6
192,5,200,Frostbite-v0,0.0,80.0,29.2888888889,0.649259259259,10
193,5,200,RoadRunner-v0,0.0,400.0,107.359307359,0.475228475228,53
194,5,200,DoubleDunk-v0,-2.0,2.0,-0.286885245902,0.757741347905,16
195,5,200,Alien-v0,0.0,140.0,107.982832618,0.759101924031,10
196,5,200,TimePilot-v0,0.0,200.0,7.65957446809,0.0643026004728,9
197,5,200,Atlantis-v0,0.0,200.0,4.2194092827,0.0187529301453,10
198,5,200,MsPacman-v0,40.0,160.0,68.7068965517,0.509472115794,8
199,5,200,MsPacman-v0,60.0,440.0,74.2978723404,0.0864632652928,8
200,5,200,Frostbite-v0,0.0,80.0,32.085106383,0.70780141844,10
201,5,200,TimePilot-v0,0.0,200.0,14.1078838174,0.121715076072,9
202,5,200,Skiing-v0,-1050.0,-934.0,-997.510548523,0.799459041516,73
203,5,200,Kangaroo-v0,0.0,0.0,0.0,0.0,40
204,5,200,Atlantis-v0,0.0,200.0,4.38596491228,0.0194931773879,34
205,5,200,DoubleDunk-v0,-2.0,2.0,-0.15652173913,0.815458937198,32
206,5,200,RoadRunner-v0,0.0,400.0,76.1061946903,0.33726647001,53
207,5,200,Alien-v0,0.0,210.0,112.212389381,0.814239560131,32
208,5,200,TimePilot-v0,0.0,200.0,7.58928571429,0.0634920634921,9
209,5,200,RoadRunner-v0,0.0,400.0,103.056768559,0.457059679767,53
210,5,200,DoubleDunk-v0,-3.0,2.0,-0.24358974359,0.896030389364,32
211,5,200,Atlantis-v0,0.0,400.0,8.47457627119,0.030131826742,15
212,5,200,Alien-v0,0.0,210.0,107.25,0.801864449483,40
213,5,200,Skiing-v0,-1063.0,-934.0,-997.095238095,0.857303161732,73
214,5,200,Frostbite-v0,0.0,80.0,29.1845493562,0.644730567477,10
215,5,200,Kangaroo-v0,0.0,0.0,0.0,0.0,6
216,5,200,MsPacman-v0,50.0,440.0,71.6,0.131308025097,8
217,5,200,MsPacman-v0,50.0,440.0,75.5411255411,0.152751332239,8
218,5,200,RoadRunner-v0,0.0,1200.0,76.5217391304,0.143317230274,21
219,5,200,Kangaroo-v0,0.0,0.0,0.0,0.0,6
220,5,200,TimePilot-v0,0.0,200.0,23.4042553191,0.200472813239,9
221,5,200,DoubleDunk-v0,-2.0,0.0,-0.119658119658,0.835707502374,32
222,5,200,Frostbite-v0,0.0,40.0,25.4468085106,0.568321513002,9
223,5,200,Atlantis-v0,0.0,200.0,2.54237288136,0.0112994350282,15
224,5,200,Alien-v0,0.0,210.0,115.25210084,0.85065137166,40
225,5,200,Skiing-v0,-1043.0,-934.0,-997.556451613,0.748102675306,73
226,6,500,MsPacman-v0,50.0,450.0,133.975409836,0.366088342441,28
227,6,500,Alien-v0,0.0,150.0,113.632653061,0.804571428571,13
228,6,500,Jamesbond-v0,0.0,100.0,1.38888888889,0.021164021164,71
229,6,500,Asteroids-v0,0.0,530.0,83.8955823293,0.356039243402,82
230,6,500,Frostbite-v0,0.0,80.0,54.9382716049,0.61442615455,53
231,6,500,Skiing-v0,-2608.0,-2415.0,-2494.74089069,0.913195965723,9
232,6,500,PrivateEye-v0,-934.0,0.0,-242.079365079,0.728992062469,21
233,6,500,DoubleDunk-v0,-2.0,0.0,-0.0650406504065,0.859981933153,6
234,6,500,RoadRunner-v0,0.0,1400.0,253.781512605,0.368071037939,13
235,6,500,MsPacman-v0,60.0,270.0,105.390946502,0.330321307002,14
236,6,500,PrivateEye-v0,-969.0,0.0,-232.674897119,0.744528867746,9
237,6,500,RoadRunner-v0,0.0,1300.0,285.655737705,0.447699421218,10
238,6,500,DoubleDunk-v0,-8.0,0.0,-0.198347107438,0.878787878788,6
239,6,500,Alien-v0,0.0,140.0,110.041322314,0.775472723525,6
240,6,500,Skiing-v0,-2594.0,-2395.0,-2495.22083333,0.840831834587,10
241,6,500,Asteroids-v0,0.0,340.0,68.4337349398,0.419745880871,28
242,6,500,Frostbite-v0,0.0,160.0,56.8032786885,0.626423041894,11
243,6,500,Jamesbond-v0,0.0,100.0,2.52100840336,0.0373482726424,51
244,6,500,Skiing-v0,-2584.0,-2418.0,-2496.11304348,0.860734504282,10
245,6,500,RoadRunner-v0,0.0,1500.0,206.382978723,0.280392960336,12
246,6,500,Jamesbond-v0,0.0,50.0,2.94117647059,0.0522875816993,11
247,6,500,Asteroids-v0,0.0,630.0,121.673469388,0.391521365412,10
248,6,500,Alien-v0,0.0,140.0,100.331950207,0.741506007659,6
249,6,500,Frostbite-v0,0.0,120.0,49.1803278689,0.607569317952,11
250,6,500,PrivateEye-v0,-1000.0,100.0,-243.311740891,0.791646686965,57
251,6,500,MsPacman-v0,60.0,210.0,109.591836735,0.35270143613,10
252,6,500,DoubleDunk-v0,-6.0,0.0,-0.408,0.880592592593,3
253,6,500,MsPacman-v0,60.0,840.0,145.102040816,0.242246642247,28
254,6,500,Frostbite-v0,0.0,80.0,49.0163934426,0.54781420765,11
255,6,500,PrivateEye-v0,-1000.0,0.0,-306.604081633,0.714106615873,3
256,6,500,Asteroids-v0,0.0,460.0,101.111111111,0.447144957542,16
257,6,500,Skiing-v0,-2584.0,-2408.0,-2495.59504132,0.835791707458,22
258,6,500,DoubleDunk-v0,-6.0,0.0,-0.173553719008,0.892561983471,3
259,6,500,RoadRunner-v0,0.0,1300.0,264.0,0.387534516765,9
260,6,500,Alien-v0,0.0,140.0,94.04,0.690648526077,3
261,6,500,Jamesbond-v0,0.0,100.0,3.33333333333,0.0555555555556,17
262,6,500,PrivateEye-v0,-941.0,100.0,-337.414937759,0.695062847006,22
263,6,500,Alien-v0,0.0,270.0,88.9121338912,0.589822324003,10
264,6,500,Asteroids-v0,0.0,430.0,79.0416666667,0.395663321515,25
265,6,500,DoubleDunk-v0,-2.0,2.0,-0.103004291845,0.839294229852,3
266,6,500,MsPacman-v0,60.0,1640.0,140.172413793,0.118603893054,21
267,6,500,Jamesbond-v0,0.0,50.0,1.27659574468,0.022695035461,9
268,6,500,RoadRunner-v0,0.0,1500.0,185.407725322,0.260842473375,39
269,6,500,Skiing-v0,-2574.0,-2401.0,-2494.48333333,0.799777250604,19
270,6,500,Frostbite-v0,0.0,160.0,49.313304721,0.544378874583,79
271,7,500,PrivateEye-v0,-869.0,100.0,-175.608333333,0.790796580633,6
272,7,500,Venture-v0,0.0,0.0,0.0,0.0,3
273,7,500,Frostbite-v0,0.0,160.0,61.3852813853,0.664923039923,79
274,7,500,Skiing-v0,-2569.0,-2401.0,-2493.62612613,0.784727754966,19
275,7,500,DoubleDunk-v0,-2.0,0.0,-0.119658119658,0.835707502374,10
276,7,500,Bowling-v0,0.0,3.0,0.0257510729614,0.00762994754411,3
277,7,500,Asteroids-v0,0.0,460.0,79.8728813559,0.370353757044,10
278,7,500,FishingDerby-v0,-24.0,-18.0,-18.9570815451,0.84819583532,29
279,7,500,Alien-v0,0.0,340.0,118.430493274,0.685296962362,13
280,7,500,Skiing-v0,-2584.0,-2401.0,-2498.50220264,0.810340350797,15
281,7,500,Alien-v0,0.0,340.0,117.35426009,0.669021745689,13
282,7,500,FishingDerby-v0,-24.0,-18.0,-19.0347826087,0.832635534085,5
283,7,500,DoubleDunk-v0,-2.0,0.0,-0.181034482759,0.808429118774,3
284,7,500,Venture-v0,0.0,0.0,0.0,0.0,3
285,7,500,Frostbite-v0,0.0,160.0,62.6180257511,0.696322126848,79
286,7,500,PrivateEye-v0,-1000.0,14604.0,-158.694915254,0.130907721452,14
287,7,500,Bowling-v0,0.0,3.0,0.100418410042,0.0297536029754,3
288,7,500,Asteroids-v0,0.0,630.0,99.3670886076,0.343448410602,66
289,7,500,Alien-v0,0.0,160.0,110.083682008,0.808955137146,13
290,7,500,Bowling-v0,0.0,3.0,0.2,0.0592592592593,3
291,7,500,PrivateEye-v0,-1000.0,14604.0,-166.388888889,0.129564444623,14
292,7,500,Asteroids-v0,20.0,630.0,110.042372881,0.314656317708,73
293,7,500,Venture-v0,0.0,0.0,0.0,0.0,3
294,7,500,Frostbite-v0,0.0,120.0,46.8421052632,0.573316006065,20
295,7,500,FishingDerby-v0,-24.0,-18.0,-18.8708333333,0.834567901235,11
296,7,500,Skiing-v0,-2566.0,-2401.0,-2492.04329004,0.77240892903,19
297,7,500,DoubleDunk-v0,-2.0,2.0,-0.0172413793103,0.877394636015,10
298,7,500,Venture-v0,0.0,0.0,0.0,0.0,11
299,7,500,PrivateEye-v0,-1000.0,0.0,-230.520661157,0.801937381084,14
300,7,500,Skiing-v0,-2576.0,-2401.0,-2494.38461538,0.803944043258,19
301,7,500,DoubleDunk-v0,-2.0,0.0,-0.109243697479,0.840336134454,10
302,7,500,Alien-v0,0.0,340.0,116.737288136,0.672622654911,13
303,7,500,Bowling-v0,0.0,3.0,0.101265822785,0.0300046882325,27
304,7,500,Asteroids-v0,0.0,630.0,87.652173913,0.309953833027,66
305,7,500,Frostbite-v0,0.0,120.0,51.9444444444,0.640603566529,20
306,7,500,FishingDerby-v0,-24.0,-16.0,-18.6995515695,0.925012456403,27
307,7,500,DoubleDunk-v0,-2.0,2.0,-0.0892857142857,0.845238095238,3
308,7,500,Asteroids-v0,20.0,410.0,129.155555556,0.512027012768,66
309,7,500,PrivateEye-v0,-1000.0,14604.0,-118.030973451,0.13729288818,14
310,7,500,Frostbite-v0,0.0,120.0,63.5775862069,0.780810983397,20
311,7,500,Venture-v0,0.0,0.0,0.0,0.0,3
312,7,500,Skiing-v0,-2578.0,-2401.0,-2494.54741379,0.806040674004,19
313,7,500,FishingDerby-v0,-24.0,-16.0,-18.849137931,0.899784482759,27
314,7,500,Bowling-v0,0.0,3.0,0.142857142857,0.042328042328,95
315,7,500,Alien-v0,0.0,340.0,95.2608695652,0.553673336342,13
316,8,500,PrivateEye-v0,-1000.0,14604.0,-306.910714286,0.106372800389,14
317,8,500,Alien-v0,0.0,340.0,118.0,0.669896193772,13
318,8,500,Venture-v0,0.0,0.0,0.0,0.0,3
319,8,500,FishingDerby-v0,-24.0,-14.0,-18.9041666667,0.83037037037,24
320,8,500,Frostbite-v0,0.0,120.0,53.6324786325,0.660388308536,20
321,8,500,Boxing-v0,-46.0,1.0,-23.1965811966,0.736030664505,16
322,8,500,DoubleDunk-v0,-2.0,2.0,-0.0440528634361,0.86539402839,3
323,8,500,Skiing-v0,-2591.0,-2401.0,-2491.64035088,0.865365753565,19
324,8,500,UpNDown-v0,20.0,2440.0,174.911504425,0.145587575253,78
325,8,500,Venture-v0,0.0,0.0,0.0,0.0,3
326,8,500,Skiing-v0,-2579.0,-2401.0,-2489.10434783,0.840808783842,66
327,8,500,DoubleDunk-v0,-6.0,2.0,-0.215517241379,0.984195402299,10
328,8,500,PrivateEye-v0,-900.0,14604.0,-190.076271186,0.110519838263,14
329,8,500,Frostbite-v0,0.0,120.0,43.0543933054,0.532413864352,20
330,8,500,UpNDown-v0,20.0,1960.0,241.212121212,0.239859997114,28
331,8,500,Boxing-v0,-44.0,-3.0,-19.7012987013,0.786368543656,89
332,8,500,Alien-v0,0.0,340.0,84.085106383,0.487550614739,13
333,8,500,FishingDerby-v0,-24.0,-14.0,-19.0379746835,0.820928270042,24
334,8,500,Boxing-v0,-53.0,1.0,-17.4206008584,0.887810857892,87
335,8,500,Alien-v0,0.0,160.0,96.25,0.6953125,38
336,8,500,PrivateEye-v0,-1000.0,14604.0,-81.6202531646,0.143524753933,14
337,8,500,Venture-v0,0.0,0.0,0.0,0.0,3
338,8,500,UpNDown-v0,20.0,2040.0,199.041666667,0.193921801421,42
339,8,500,Skiing-v0,-2586.0,-960.0,-2491.75,0.141190281612,9
340,8,500,FishingDerby-v0,-24.0,-18.0,-18.7887931034,0.853980417199,24
341,8,500,Frostbite-v0,0.0,140.0,36.5531914894,0.425338929898,10
342,8,500,DoubleDunk-v0,-2.0,2.0,-0.285714285714,0.758056758057,9
343,8,500,Boxing-v0,-43.0,6.0,-21.5972850679,0.70095479322,17
344,8,500,Alien-v0,0.0,150.0,79.9551569507,0.615392791895,88
345,8,500,Skiing-v0,-2591.0,-2401.0,-2496.90950226,0.839231173114,9
346,8,500,FishingDerby-v0,-24.0,-12.0,-18.7074235808,0.796484985714,24
347,8,500,UpNDown-v0,20.0,1640.0,171.271186441,0.211309710895,19
348,8,500,DoubleDunk-v0,-2.0,2.0,-0.119658119658,0.828110161443,10
349,8,500,PrivateEye-v0,-1000.0,14604.0,-181.072340426,0.127307607728,14
350,8,500,Frostbite-v0,0.0,140.0,33.1330472103,0.391618736193,10
351,8,500,Venture-v0,0.0,0.0,0.0,0.0,3
352,8,500,Alien-v0,0.0,340.0,80.8733624454,0.470333042884,13
353,8,500,Frostbite-v0,0.0,140.0,52.6315789474,0.616859609341,10
354,8,500,PrivateEye-v0,-1000.0,14604.0,-236.433333333,0.118351084426,14
355,8,500,FishingDerby-v0,-24.0,-6.0,-18.5574468085,0.614493768788,55
356,8,500,Venture-v0,0.0,0.0,0.0,0.0,3
357,8,500,Skiing-v0,-2583.0,-960.0,-2489.32,0.140346520802,9
358,8,500,DoubleDunk-v0,-2.0,2.0,-0.110599078341,0.835637480799,10
359,8,500,UpNDown-v0,20.0,3240.0,177.111111111,0.113639267651,84
360,8,500,Boxing-v0,-44.0,5.0,-18.7300884956,0.782582806164,10
361,9,500,FishingDerby-v0,-24.0,-6.0,-18.6727272727,0.60860456416,55
362,9,500,Jamesbond-v0,0.0,50.0,1.85185185185,0.0329218106996,14
363,9,500,DoubleDunk-v0,-6.0,2.0,-0.312796208531,0.969984202212,10
364,9,500,Asteroids-v0,20.0,630.0,90.6341463415,0.257365906097,66
365,9,500,Frostbite-v0,0.0,80.0,49.0243902439,0.54783197832,9
366,9,500,Boxing-v0,-40.0,5.0,-17.6067961165,0.73615512672,10
367,9,500,Gravitar-v0,0.0,0.0,0.0,0.0,3
368,9,500,Skiing-v0,-2576.0,-960.0,-2487.01877934,0.133373985321,9
369,9,500,Alien-v0,0.0,340.0,104.009009009,0.601321044228,13
370,9,500,FishingDerby-v0,-24.0,-6.0,-18.7727272727,0.606459658312,55
371,9,500,Frostbite-v0,0.0,120.0,57.6995305164,0.713093375065,112
372,9,500,DoubleDunk-v0,-4.0,2.0,-0.139534883721,0.96330749354,10
373,9,500,Gravitar-v0,0.0,0.0,0.0,0.0,3
374,9,500,Alien-v0,0.0,340.0,97.4770642202,0.559827024892,13
375,9,500,Boxing-v0,-43.0,5.0,-19.747706422,0.719726894326,10
376,9,500,Skiing-v0,-2589.0,-960.0,-2485.09459459,0.15518050156,9
377,9,500,Jamesbond-v0,0.0,50.0,1.33928571429,0.0238095238095,55
378,9,500,Asteroids-v0,0.0,460.0,91.0,0.418193274904,66
379,9,500,Alien-v0,0.0,340.0,74.4700460829,0.427853873997,13
380,9,500,Frostbite-v0,0.0,180.0,45.3953488372,0.468969917376,11
381,9,500,Gravitar-v0,0.0,0.0,0.0,0.0,9
382,9,500,DoubleDunk-v0,-2.0,2.0,-0.0925925925926,0.843621399177,10
383,9,500,Skiing-v0,-2576.0,-960.0,-2487.71818182,0.132573442988,9
384,9,500,Jamesbond-v0,0.0,100.0,2.75229357798,0.0407747196738,17
385,9,500,FishingDerby-v0,-24.0,-4.0,-18.668202765,0.556579621096,11
386,9,500,Asteroids-v0,0.0,630.0,95.1869158879,0.332042697468,66
387,9,500,Boxing-v0,-42.0,5.0,-16.6839622642,0.793189287582,10
388,9,500,Frostbite-v0,0.0,180.0,42.8440366972,0.4417261298,11
389,9,500,Skiing-v0,-2571.0,-960.0,-2487.01941748,0.125835483769,9
390,9,500,Alien-v0,0.0,140.0,104.210526316,0.701580791806,9
391,9,500,Boxing-v0,-41.0,5.0,-18.511627907,0.734838782159,10
392,9,500,FishingDerby-v0,-24.0,-4.0,-18.7655502392,0.558979266348,11
393,9,500,Asteroids-v0,0.0,630.0,112.289719626,0.38174669891,66
394,9,500,DoubleDunk-v0,-2.0,2.0,-0.199095022624,0.796380090498,10
395,9,500,Jamesbond-v0,0.0,100.0,3.15315315315,0.0520520520521,17
396,9,500,Gravitar-v0,0.0,0.0,0.0,0.0,3
397,9,500,Boxing-v0,-53.0,-1.0,-16.2818181818,0.889235550774,10
398,9,500,Jamesbond-v0,0.0,50.0,1.12612612613,0.02002002002,17
399,9,500,FishingDerby-v0,-24.0,-4.0,-18.5183486239,0.575433231397,11
400,9,500,DoubleDunk-v0,-6.0,2.0,-0.295964125561,0.978574987544,3
401,9,500,Gravitar-v0,0.0,0.0,0.0,0.0,3
402,9,500,Skiing-v0,-2569.0,-960.0,-2489.75784753,0.119252412118,9
403,9,500,Asteroids-v0,0.0,630.0,100.134529148,0.351723364797,66
404,9,500,Alien-v0,0.0,340.0,83.6283185841,0.484306580519,13
405,9,500,Frostbite-v0,0.0,120.0,53.8636363636,0.659090909091,11
406,10,500,DoubleDunk-v0,-2.0,2.0,-0.124444444444,0.82962962963,3
407,10,500,FishingDerby-v0,-24.0,-4.0,-18.6331877729,0.570849102377,11
408,10,500,RoadRunner-v0,0.0,1500.0,81.7777777778,0.10752702332,110
409,10,500,Frostbite-v0,0.0,180.0,51.5525114155,0.528252250221,11
410,10,500,Zaxxon-v0,0.0,0.0,0.0,0.0,3
411,10,500,Gravitar-v0,0.0,0.0,0.0,0.0,3
412,10,500,Alien-v0,0.0,340.0,102.64573991,0.589493864898,13
413,10,500,Boxing-v0,-44.0,5.0,-20.9298245614,0.722148747314,10
414,10,500,Asteroids-v0,20.0,630.0,99.1341991342,0.288390359877,125
415,10,500,Gravitar-v0,0.0,0.0,0.0,0.0,9
416,10,500,Asteroids-v0,40.0,630.0,114.292035398,0.27294567475,66
417,10,500,FishingDerby-v0,-24.0,-4.0,-18.6986899563,0.565473071325,11
418,10,500,Alien-v0,0.0,340.0,114.867256637,0.65774565943,13
419,10,500,DoubleDunk-v0,-8.0,2.0,-0.560344827586,0.956168582375,10
420,10,500,Zaxxon-v0,0.0,400.0,1.78571428571,0.00396825396825,15
421,10,500,Boxing-v0,-42.0,6.0,-17.7081545064,0.756464261114,28
422,10,500,RoadRunner-v0,0.0,1500.0,67.1232876712,0.0881943739782,39
423,10,500,Frostbite-v0,0.0,160.0,41.9383259912,0.458149779736,122
424,10,500,Asteroids-v0,0.0,630.0,106.415929204,0.368768476836,66
425,10,500,Gravitar-v0,0.0,0.0,0.0,0.0,3
426,10,500,Boxing-v0,-39.0,6.0,-13.0192307692,0.824699799515,28
427,10,500,Zaxxon-v0,0.0,0.0,0.0,0.0,3
428,10,500,DoubleDunk-v0,-2.0,2.0,-0.12380952381,0.825396825397,10
429,10,500,Alien-v0,0.0,140.0,75.145631068,0.5321533144,11
430,10,500,RoadRunner-v0,0.0,1200.0,94.2583732057,0.151042589639,38
431,10,500,Frostbite-v0,0.0,160.0,53.2038834951,0.578276699029,122
432,10,500,FishingDerby-v0,-24.0,-18.0,-18.712195122,0.857573020175,3
433,10,500,DoubleDunk-v0,-2.0,2.0,-0.0679611650485,0.854368932039,10
434,10,500,RoadRunner-v0,0.0,1500.0,101.913875598,0.138800874239,39
435,10,500,Alien-v0,0.0,340.0,92.0975609756,0.533408351385,13
436,10,500,Gravitar-v0,0.0,0.0,0.0,0.0,3
437,10,500,Asteroids-v0,0.0,630.0,128.632075472,0.423944902132,66
438,10,500,Boxing-v0,-45.0,6.0,-19.871559633,0.75007612927,28
439,10,500,FishingDerby-v0,-24.0,-18.0,-18.7877358491,0.842301420918,3
440,10,500,Zaxxon-v0,0.0,0.0,0.0,0.0,3
441,10,500,Frostbite-v0,0.0,160.0,60.4672897196,0.663940809969,122
442,10,500,Alien-v0,0.0,340.0,108.271028037,0.620120945574,13
443,10,500,Boxing-v0,-44.0,6.0,-19.966507177,0.726374481659,28
444,10,500,FishingDerby-v0,-24.0,-4.0,-18.3605769231,0.590448717949,11
445,10,500,Gravitar-v0,0.0,250.0,1.16279069767,0.00413436692506,14
446,10,500,Zaxxon-v0,0.0,0.0,0.0,0.0,3
447,10,500,Frostbite-v0,0.0,160.0,53.2211538462,0.585970886752,122
448,10,500,Asteroids-v0,20.0,630.0,109.708737864,0.321714679824,66
449,10,500,DoubleDunk-v0,-2.0,2.0,-0.085308056872,0.846761453397,10
450,10,500,RoadRunner-v0,0.0,1600.0,86.6666666667,0.105357142857,154
451,11,1000,Skiing-v0,-9013.0,-9013.0,-9013.0,0.0,15
452,11,1000,KungFuMaster-v0,0.0,200.0,1.94174757282,0.0129449838188,97
453,11,1000,FishingDerby-v0,-46.0,-34.0,-45.7655502392,0.030303030303,11
454,11,1000,Boxing-v0,-73.0,-1.0,-29.9383886256,0.843007040743,6
455,11,1000,Alien-v0,0.0,160.0,84.3396226415,0.625589622642,9
456,11,1000,Frostbite-v0,0.0,160.0,64.2788461538,0.514322916667,31
457,11,1000,Asteroids-v0,60.0,530.0,195.490196078,0.543752977274,14
458,11,1000,TimePilot-v0,100.0,800.0,325.961538462,0.601953601954,66
459,11,1000,DoubleDunk-v0,-2.0,0.0,-0.106280193237,0.84165324745,3
460,11,1000,TimePilot-v0,100.0,800.0,357.352941176,0.676804054955,31
461,11,1000,Asteroids-v0,60.0,610.0,220.0,0.531054187282,153
462,11,1000,Skiing-v0,-9013.0,-4962.0,-8914.19211823,0.0221005119911,29
463,11,1000,Alien-v0,0.0,230.0,77.9342723005,0.559538424977,18
464,11,1000,Frostbite-v0,0.0,160.0,51.2037037037,0.494791666667,32
465,11,1000,Boxing-v0,-70.0,-1.0,-36.9859813084,0.71367416507,18
466,11,1000,DoubleDunk-v0,-2.0,0.0,-0.0648148148148,0.860082304527,3
467,11,1000,KungFuMaster-v0,0.0,100.0,0.460829493088,0.00409626216078,83
468,11,1000,FishingDerby-v0,-46.0,-28.0,-45.0721153846,0.0775034293553,77
469,11,1000,Boxing-v0,-59.0,-4.0,-36.1596244131,0.592814702725,81
470,11,1000,Skiing-v0,-9013.0,-4947.0,-8822.69668246,0.0426330027575,81
471,11,1000,Frostbite-v0,0.0,180.0,62.6066350711,0.502772739389,22
472,11,1000,Alien-v0,0.0,150.0,75.5238095238,0.568625514403,95
473,11,1000,FishingDerby-v0,-46.0,-34.0,-45.7799043062,0.0320160671038,84
474,11,1000,DoubleDunk-v0,-4.0,0.0,-0.106796116505,0.884573894283,3
475,11,1000,KungFuMaster-v0,0.0,600.0,2.79069767442,0.00413436692506,20
476,11,1000,TimePilot-v0,100.0,800.0,363.507109005,0.718057839249,82
477,11,1000,Asteroids-v0,40.0,480.0,192.877358491,0.631464733094,102
478,11,1000,Asteroids-v0,60.0,780.0,205.517241379,0.424121713394,102
479,11,1000,Frostbite-v0,0.0,160.0,53.5436893204,0.509135652643,76
480,11,1000,TimePilot-v0,100.0,3800.0,380.097087379,0.182991703328,30
481,11,1000,KungFuMaster-v0,0.0,100.0,0.487804878049,0.00433604336043,20
482,11,1000,DoubleDunk-v0,-2.0,0.0,-0.0390243902439,0.871544715447,3
483,11,1000,FishingDerby-v0,-46.0,-40.0,-45.8591549296,0.0338491856489,10
484,11,1000,Skiing-v0,-9033.0,-4902.0,-8556.81516588,0.11474182035,156
485,11,1000,Alien-v0,0.0,140.0,71.9626168224,0.502596053998,3
486,11,1000,Boxing-v0,-69.0,3.0,-33.7089201878,0.750022540363,6
487,11,1000,FishingDerby-v0,-46.0,-40.0,-45.9220183486,0.0181220976328,34
488,11,1000,Frostbite-v0,0.0,160.0,65.3333333333,0.610052910053,11
489,11,1000,TimePilot-v0,100.0,800.0,363.849765258,0.725793916941,156
490,11,1000,Alien-v0,0.0,200.0,95.8018867925,0.70928721174,5
491,11,1000,Asteroids-v0,40.0,530.0,181.913875598,0.560436341317,10
492,11,1000,Skiing-v0,-9013.0,-4971.0,-8993.28292683,0.00433604336043,13
493,11,1000,DoubleDunk-v0,-2.0,0.0,-0.029702970297,0.875687568757,95
494,11,1000,KungFuMaster-v0,0.0,0.0,0.0,0.0,11
495,11,1000,Boxing-v0,-75.0,-4.0,-29.6616915423,0.883988442368,37
496,12,1000,BattleZone-v0,0.0,8000.0,1678.04878049,0.371002710027,12
497,12,1000,Frostbite-v0,0.0,180.0,67.4528301887,0.660817351244,11
498,12,1000,DoubleDunk-v0,-2.0,0.0,-0.0568720379147,0.863612427593,3
499,12,1000,WizardOfWor-v0,0.0,200.0,48.8038277512,0.284954811271,3
500,12,1000,TimePilot-v0,100.0,800.0,361.352657005,0.708359350181,156
501,12,1000,Bowling-v0,0.0,9.0,0.167441860465,0.0165374677003,3
502,12,1000,Alien-v0,0.0,200.0,112.369668246,0.830816219063,15
503,12,1000,Boxing-v0,-70.0,2.0,-26.4549763033,0.892132961468,6
504,12,1000,Asteroids-v0,20.0,630.0,177.12962963,0.508750800429,29
505,12,1000,TimePilot-v0,100.0,800.0,389.622641509,0.776793736362,156
506,12,1000,BattleZone-v0,0.0,8000.0,2502.3923445,0.574561403509,14
507,12,1000,Bowling-v0,0.0,9.0,0.259615384615,0.025641025641,3
508,12,1000,Asteroids-v0,40.0,630.0,169.523809524,0.444209761532,16
509,12,1000,WizardOfWor-v0,0.0,200.0,37.0192307692,0.222222222222,6
510,12,1000,DoubleDunk-v0,-10.0,0.0,-0.331658291457,0.878704634283,3
511,12,1000,Alien-v0,0.0,230.0,122.952380952,0.859475300307,35
512,12,1000,Boxing-v0,-65.0,2.0,-26.141509434,0.873434386315,6
513,12,1000,Frostbite-v0,0.0,160.0,54.976076555,0.586888623073,21
514,12,1000,WizardOfWor-v0,0.0,200.0,27.397260274,0.178589548453,122
515,12,1000,Asteroids-v0,40.0,630.0,173.23943662,0.458479948605,16
516,12,1000,BattleZone-v0,0.0,10000.0,2028.84615385,0.379145299145,34
517,12,1000,TimePilot-v0,100.0,800.0,351.707317073,0.674298987888,156
518,12,1000,Bowling-v0,0.0,9.0,0.439024390244,0.0433604336043,3
519,12,1000,Frostbite-v0,0.0,180.0,53.9622641509,0.49486243756,154
520,12,1000,Boxing-v0,-75.0,2.0,-28.6386138614,0.882428131496,6
521,12,1000,Alien-v0,0.0,140.0,115.048543689,0.786033507254,35
522,12,1000,DoubleDunk-v0,-2.0,0.0,-0.0191387559809,0.88038277512,3
523,12,1000,Frostbite-v0,0.0,180.0,68.3732057416,0.66447450463,11
524,12,1000,Boxing-v0,-73.0,2.0,-27.3925233645,0.883815853236,6
525,12,1000,WizardOfWor-v0,0.0,200.0,28.8461538462,0.17094017094,3
526,12,1000,DoubleDunk-v0,-2.0,0.0,-0.0663507109005,0.859399684044,3
527,12,1000,TimePilot-v0,100.0,800.0,366.19047619,0.719144800777,156
528,12,1000,BattleZone-v0,0.0,9000.0,1971.29186603,0.41501434094,80
529,12,1000,Asteroids-v0,60.0,630.0,160.490196078,0.365227175648,16
530,12,1000,Alien-v0,0.0,230.0,117.047619048,0.821260039407,35
531,12,1000,Bowling-v0,0.0,9.0,0.214285714286,0.021164021164,3
532,12,1000,TimePilot-v0,100.0,800.0,378.571428571,0.740395205701,156
533,12,1000,Boxing-v0,-69.0,2.0,-31.5613207547,0.794527224765,6
534,12,1000,Alien-v0,0.0,230.0,118.920187793,0.831947365774,35
535,12,1000,WizardOfWor-v0,0.0,300.0,37.3786407767,0.208558072636,34
536,12,1000,BattleZone-v0,0.0,9000.0,2037.38317757,0.41126623335,101
537,12,1000,DoubleDunk-v0,-12.0,0.0,-0.167441860465,0.885213896067,3
538,12,1000,Asteroids-v0,20.0,680.0,172.105263158,0.473557770933,127
539,12,1000,Bowling-v0,0.0,9.0,0.295774647887,0.0292123109025,3
540,12,1000,Frostbite-v0,0.0,190.0,59.5215311005,0.577378980062,101
541,13,1000,Alien-v0,0.0,230.0,128.862559242,0.895689801915,35
542,13,1000,FishingDerby-v0,-46.0,-18.0,-45.4716981132,0.0349548624481,11
543,13,1000,Asteroids-v0,40.0,680.0,191.563981043,0.472567798841,127
544,13,1000,Boxing-v0,-72.0,2.0,-27.8341232227,0.862513852395,6
545,13,1000,PrivateEye-v0,-1000.0,4200.0,-470.425120773,0.211864466868,90
546,13,1000,TimePilot-v0,100.0,800.0,352.857142857,0.684591296836,156
547,13,1000,MsPacman-v0,60.0,210.0,68.6448598131,0.0823906772816,14
548,13,1000,DoubleDunk-v0,-2.0,0.0,-0.0772946859903,0.854535695115,3
549,13,1000,Frostbite-v0,0.0,200.0,61.3106796117,0.537842502697,15
550,13,1000,FishingDerby-v0,-46.0,-36.0,-45.8058252427,0.0312405609493,67
551,13,1000,Alien-v0,0.0,230.0,111.596244131,0.782910443125,35
552,13,1000,Boxing-v0,-69.0,2.0,-27.1952380952,0.86806409663,6
553,13,1000,MsPacman-v0,60.0,280.0,69.0566037736,0.0671899093854,25
554,13,1000,DoubleDunk-v0,-2.0,2.0,-0.0765550239234,0.850611376927,83
555,13,1000,PrivateEye-v0,-1000.0,0.0,-582.975961538,0.427563820513,3
556,13,1000,Asteroids-v0,40.0,680.0,168.820754717,0.434246838968,127
557,13,1000,TimePilot-v0,100.0,800.0,349.056603774,0.688657853078,156
558,13,1000,Frostbite-v0,0.0,190.0,57.1689497717,0.529247495893,101
559,13,1000,DoubleDunk-v0,-2.0,0.0,-0.126126126126,0.832832832833,83
560,13,1000,Asteroids-v0,20.0,680.0,182.155963303,0.50523210045,32
561,13,1000,PrivateEye-v0,-1000.0,4000.0,-549.0,0.197087998695,14
562,13,1000,Boxing-v0,-70.0,0.0,-22.5560747664,0.914092440715,14
563,13,1000,Frostbite-v0,0.0,250.0,53.3023255814,0.413370542636,15
564,13,1000,FishingDerby-v0,-46.0,-30.0,-45.5656108597,0.0430492709904,67
565,13,1000,MsPacman-v0,60.0,220.0,76.5277777778,0.130304783951,92
566,13,1000,TimePilot-v0,100.0,800.0,346.606334842,0.671694318753,156
567,13,1000,Alien-v0,0.0,230.0,98.0888888889,0.701888025391,35
568,13,1000,Frostbite-v0,0.0,250.0,69.5475113122,0.528197888386,9
569,13,1000,Alien-v0,0.0,230.0,112.409090909,0.788214851731,35
570,13,1000,Asteroids-v0,20.0,680.0,179.318181818,0.49717375778,90
571,13,1000,Boxing-v0,-83.0,2.0,-30.5159817352,0.873016946415,6
572,13,1000,DoubleDunk-v0,-12.0,2.0,-0.296296296296,0.973544973545,83
573,13,1000,MsPacman-v0,60.0,210.0,78.4792626728,0.180945553849,92
574,13,1000,FishingDerby-v0,-46.0,-18.0,-45.6298076923,0.0220979417408,11
575,13,1000,TimePilot-v0,100.0,800.0,346.818181818,0.676561533704,156
576,13,1000,PrivateEye-v0,-1000.0,4000.0,-561.377777778,0.197594934993,138
577,13,1000,FishingDerby-v0,-48.0,-18.0,-45.8009049774,0.17849282163,11
578,13,1000,TimePilot-v0,100.0,800.0,384.976525822,0.769314298489,156
579,13,1000,DoubleDunk-v0,-6.0,2.0,-0.138888888889,0.987139917695,83
580,13,1000,MsPacman-v0,60.0,210.0,71.2785388128,0.116696544337,62
581,13,1000,Alien-v0,0.0,140.0,108.947368421,0.813288632838,17
582,13,1000,Asteroids-v0,40.0,930.0,183.726415094,0.351789963627,98
583,13,1000,Boxing-v0,-70.0,2.0,-35.8605769231,0.721669898175,6
584,13,1000,Frostbite-v0,0.0,220.0,50.3286384977,0.411317614903,22
585,13,1000,PrivateEye-v0,-1000.0,4000.0,-723.889400922,0.122341875678,6
586,14,1000,Frostbite-v0,0.0,220.0,61.488372093,0.507433745489,9
587,14,1000,TimePilot-v0,100.0,800.0,356.730769231,0.683237397523,156
588,14,1000,Tennis-v0,-12.0,0.0,-5.92376681614,0.516913026629,95
589,14,1000,Asteroids-v0,20.0,680.0,175.806451613,0.493229083649,32
590,14,1000,DoubleDunk-v0,-2.0,2.0,-0.240740740741,0.777777777778,83
591,14,1000,Skiing-v0,-9013.0,-2466.0,-8658.92376682,0.0820622927644,11
592,14,1000,KungFuMaster-v0,0.0,0.0,0.0,0.0,95
593,14,1000,Boxing-v0,-69.0,-4.0,-27.6018099548,0.839934194282,153
594,14,1000,Alien-v0,0.0,230.0,86.103286385,0.645857924273,35
595,14,1000,DoubleDunk-v0,-2.0,2.0,-0.121495327103,0.830737279335,83
596,14,1000,Tennis-v0,-12.0,0.0,-4.70909090909,0.568013468013,3
597,14,1000,TimePilot-v0,100.0,800.0,352.803738318,0.699429927734,156
598,14,1000,Boxing-v0,-65.0,-1.0,-24.9366515837,0.849681058321,123
599,14,1000,KungFuMaster-v0,0.0,400.0,2.72727272727,0.00808080808081,82
600,14,1000,Asteroids-v0,40.0,880.0,201.775700935,0.406434917338,72
601,14,1000,Frostbite-v0,0.0,250.0,49.014084507,0.378351173709,9
602,14,1000,Alien-v0,0.0,140.0,95.8571428571,0.685800669474,35
603,14,1000,Skiing-v0,-12876.0,-2466.0,-8748.99038462,0.757810508418,11
604,14,1000,Tennis-v0,-12.0,0.0,-4.9756097561,0.555736224029,15
605,14,1000,Alien-v0,0.0,230.0,110.784313725,0.783687724197,35
606,14,1000,Asteroids-v0,20.0,880.0,223.725490196,0.486834430906,72
607,14,1000,KungFuMaster-v0,0.0,400.0,2.42718446602,0.00701186623517,82
608,14,1000,Skiing-v0,-9013.0,-2466.0,-8717.11057692,0.0644158154334,11
609,14,1000,TimePilot-v0,100.0,800.0,337.931034483,0.658154887571,156
610,14,1000,Frostbite-v0,0.0,250.0,52.0975609756,0.409572249322,9
611,14,1000,DoubleDunk-v0,-2.0,0.0,-0.146341463415,0.823848238482,95
612,14,1000,Boxing-v0,-76.0,2.0,-37.5476190476,0.754708159836,6
613,14,1000,Boxing-v0,-59.0,2.0,-24.3431372549,0.815108736319,6
614,14,1000,KungFuMaster-v0,0.0,400.0,2.42718446602,0.00701186623517,82
615,14,1000,Frostbite-v0,0.0,200.0,59.7549019608,0.524379084967,18
616,14,1000,TimePilot-v0,100.0,800.0,361.734693878,0.702577629691,156
617,14,1000,Tennis-v0,-12.0,0.0,-6.46666666667,0.47287116176,95
618,14,1000,DoubleDunk-v0,-2.0,0.0,-0.247524752475,0.778877887789,95
619,14,1000,Alien-v0,0.0,230.0,110.206185567,0.789594146599,35
620,14,1000,Asteroids-v0,20.0,530.0,170.666666667,0.589655304611,84
621,14,1000,Skiing-v0,-9013.0,-2466.0,-8740.97959184,0.0584217760781,11
622,14,1000,DoubleDunk-v0,-2.0,0.0,-0.142857142857,0.825396825397,95
623,14,1000,Asteroids-v0,20.0,530.0,180.495049505,0.603809400548,72
624,14,1000,Boxing-v0,-72.0,2.0,-25.087804878,0.871994473049,6
625,14,1000,Skiing-v0,-11746.0,-2466.0,-8774.93779904,0.642060930389,11
626,14,1000,TimePilot-v0,100.0,800.0,330.769230769,0.634571777429,156
627,14,1000,Frostbite-v0,0.0,250.0,56.4593301435,0.403285061138,9
628,14,1000,KungFuMaster-v0,0.0,400.0,2.72727272727,0.00808080808081,82
629,14,1000,Alien-v0,0.0,290.0,91.5023474178,0.571746504925,14
630,14,1000,Tennis-v0,-12.0,0.0,-4.44600938967,0.618153364632,95
631,15,1000,FishingDerby-v0,-46.0,-18.0,-45.1549295775,0.0510150852203,27
632,15,1000,TimePilot-v0,100.0,800.0,322.429906542,0.595757306038,156
633,15,1000,Alien-v0,0.0,290.0,82.9166666667,0.523299227355,14
634,15,1000,Asteroids-v0,40.0,630.0,204.619047619,0.546583798063,126
635,15,1000,Gravitar-v0,0.0,250.0,1.65876777251,0.00791995787256,172
636,15,1000,Tennis-v0,-12.0,0.0,-4.43720930233,0.650473729543,95
637,15,1000,DoubleDunk-v0,-2.0,0.0,-0.175115207373,0.811059907834,95
638,15,1000,Boxing-v0,-84.0,2.0,-30.9620853081,0.885462189972,6
639,15,1000,MsPacman-v0,60.0,530.0,92.8037383178,0.131567875589,89
640,15,1000,DoubleDunk-v0,-2.0,0.0,-0.0717948717949,0.85698005698,95
641,15,1000,Boxing-v0,-74.0,2.0,-26.9801980198,0.871338934447,6
642,15,1000,MsPacman-v0,60.0,530.0,92.3039215686,0.127963342673,89
643,15,1000,TimePilot-v0,100.0,800.0,356.632653061,0.67869869036,156
644,15,1000,Asteroids-v0,40.0,880.0,175.048543689,0.355901440044,72
645,15,1000,FishingDerby-v0,-46.0,-18.0,-45.475,0.0316439909297,27
646,15,1000,Tennis-v0,-12.0,0.0,-3.17258883249,0.687535250987,95
647,15,1000,Gravitar-v0,0.0,100.0,0.502512562814,0.00446677833613,9
648,15,1000,Alien-v0,0.0,190.0,101.818181818,0.771867645367,103
649,15,1000,MsPacman-v0,60.0,1640.0,104.974358974,0.0615753465617,11
650,15,1000,Tennis-v0,-12.0,0.0,-2.96464646465,0.710874173837,95
651,15,1000,TimePilot-v0,100.0,800.0,361.57635468,0.699976542341,156
652,15,1000,Gravitar-v0,0.0,0.0,0.0,0.0,3
653,15,1000,DoubleDunk-v0,-4.0,0.0,-0.282926829268,0.884552845528,3
654,15,1000,FishingDerby-v0,-46.0,-18.0,-45.4926108374,0.0280039766317,27
655,15,1000,Boxing-v0,-67.0,2.0,-32.6534653465,0.751916065373,6
656,15,1000,Asteroids-v0,60.0,930.0,189.473684211,0.331994665557,98
657,15,1000,Alien-v0,0.0,160.0,106.985645933,0.838383838384,14
658,15,1000,MsPacman-v0,60.0,1640.0,79.9530516432,0.0246827210003,98
659,15,1000,DoubleDunk-v0,-12.0,0.0,-0.159624413146,0.88703413899,3
660,15,1000,Gravitar-v0,0.0,250.0,1.15740740741,0.00411522633745,6
661,15,1000,Boxing-v0,-65.0,-1.0,-29.6651162791,0.788055151809,13
662,15,1000,FishingDerby-v0,-46.0,-18.0,-45.6221198157,0.0184331797235,27
663,15,1000,Tennis-v0,-12.0,0.0,-4.21296296296,0.643347050754,3
664,15,1000,TimePilot-v0,100.0,800.0,337.209302326,0.652554975479,156
665,15,1000,Asteroids-v0,60.0,930.0,202.293577982,0.358937126045,206
666,15,1000,Alien-v0,0.0,290.0,99.2056074766,0.637222907506,14
667,15,1000,MsPacman-v0,60.0,210.0,77.488372093,0.178898650589,11
668,15,1000,Asteroids-v0,40.0,930.0,205.159817352,0.403307368534,18
669,15,1000,FishingDerby-v0,-46.0,-18.0,-45.803652968,0.00997111173236,27
670,15,1000,Alien-v0,0.0,290.0,111.619047619,0.701971072482,14
671,15,1000,Tennis-v0,-12.0,0.0,-5.75799086758,0.496363943853,3
672,15,1000,Boxing-v0,-70.0,2.0,-34.9863013699,0.722845456652,6
673,15,1000,DoubleDunk-v0,-4.0,0.0,-0.126696832579,0.88486676722,95
674,15,1000,TimePilot-v0,100.0,800.0,354.205607477,0.685612562782,156
675,15,1000,Gravitar-v0,0.0,0.0,0.0,0.0,3
