tpgGen,hoursElapsed,envs,fitMin,fitMax,fitAvg,champSize,champUid,totalTeams,totalRootTeams
1,0.07876487546496921,Alien-v0,0.0,1,0.24933544303797514,6,366,496,402
2,0.28361814591619705,Alien-v0/BattleZone-v0,0.0,0.5316455696202532,0.1109326783802507,6,78,549,448
3,0.6820988240506914,BankHeist-v0/BattleZone-v0,0.0,0.4634146341463415,0.011117160278745649,6,262,561,447
4,0.9162342305315866,Alien-v0/BankHeist-v0,0.0,0.4827586206896552,0.03152819563372676,6,241,562,446
5,1.0208351140552097,Alien-v0/Atlantis-v0,0.0,0.46153846153846156,0.015984500183039037,6,1507,577,454
6,1.4728309496243794,Atlantis-v0/Bowling-v0,0.0,0.6080139372822301,0.002808945647669189,16,1658,561,446
7,1.8883057524760565,Bowling-v0/Boxing-v0,0.0,0.5670731707317074,0.04796720384303204,16,1658,569,435
8,2.098127419816123,Boxing-v0/Centipede-v0,0.0,0.9003900772505927,0.184278313129084,5,2453,591,443
9,2.231405896676911,Asteroids-v0/Centipede-v0,0.0,0.48927924941998313,0.02653648373708281,23,2651,592,448
10,2.456511844727728,Asteroids-v0/BattleZone-v0,0.0,0.35294117647058826,0.03318044058159782,23,2651,597,432
11,2.9811176283491982,BattleZone-v0/Bowling-v0,0.0,0.7377049180327869,0.008411005180276196,48,3376,609,451
12,3.3226021704408857,Atlantis-v0/Bowling-v0,0.0,0.40394736842105267,0.004551158898006176,21,3622,594,450
13,3.4551855915784837,Atlantis-v0/Centipede-v0,0.0,0.5443701427796855,0.0316513737503588,14,3901,582,437
14,3.656930505964491,BattleZone-v0/Centipede-v0,0.0,0.8604651162790697,0.16400558891144956,15,3641,585,428
15,4.140019335481855,BattleZone-v0/Bowling-v0,0.0,0.515625,0.026077709210244705,19,4148,604,435
16,4.584670759240786,Bowling-v0/Boxing-v0,0.0,0.881533101045296,0.0958453387861325,24,4846,603,431
17,4.777818161646525,Atlantis-v0/Boxing-v0,0.0,0.7938718662952646,0.0659138023871398,16,5101,611,441
18,4.944698228504922,Atlantis-v0/Centipede-v0,0.0,0.6636438582028029,0.052420103176458226,10,4363,611,443
19,5.176003061532974,Boxing-v0/Centipede-v0,0.0,0.9184952978056428,0.247767606757372,25,5667,608,445
20,5.455332959161864,BattleZone-v0/Boxing-v0,0.0,0.9153605015673981,0.265372535897526,6,4847,594,441
21,5.630265909234683,Asteroids-v0/BattleZone-v0,0.0,0.7465753424657534,0.08604104093340895,27,5597,590,432
22,5.9516453190644585,Asteroids-v0/BankHeist-v0,0.0,0.40933767643865365,0.04304619324807977,10,6125,591,440
23,6.254700748125712,BankHeist-v0/Centipede-v0,0.0,0.6153846153846154,0.04234764935124865,19,5294,594,438
24,6.427664895190133,Alien-v0/Centipede-v0,0.0,0.7177159240234141,0.13448021326881726,25,6657,603,443
25,6.578471826844745,Alien-v0/Atlantis-v0,0.0,0.4278350515463918,0.08708014475626694,46,6534,584,426
26,7.032942727605501,Atlantis-v0/Bowling-v0,0.0,0.5254901960784314,0.05284148410205676,17,6766,586,433
27,7.3785711254676185,Bowling-v0/Centipede-v0,0.0,0.8135306458526022,0.09376654565281146,31,7556,602,434
28,7.559914546542697,Atlantis-v0/Centipede-v0,0.0,0.6987542468856173,0.10982992324459097,63,7709,602,436
29,7.821228729950057,Atlantis-v0/Boxing-v0,0.0,0.9046153846153847,0.2210823394295605,25,8582,615,437
30,8.215198348429468,BankHeist-v0/Boxing-v0,0.0,0.6153846153846154,0.06309950324689645,49,8255,624,441
31,8.472729258139928,Asteroids-v0/BankHeist-v0,0.0,0.4558979808714134,0.05832500579729963,15,9149,622,439
32,8.83497133400705,Asteroids-v0/Bowling-v0,0.0,0.7465240641711229,0.13018110675908,44,9472,613,444
33,9.142796054681142,Alien-v0/Bowling-v0,0.0,0.5272727272727272,0.15448282507106048,44,9472,603,437
34,9.423123727440833,Alien-v0/BankHeist-v0,0.0,0.5,0.07342367777150392,14,10030,617,441
35,9.715505363874966,Atlantis-v0/BankHeist-v0,0.0,0.6028225806451613,0.07319630361105016,83,9946,610,442
36,9.880371895564927,Alien-v0/Atlantis-v0,0.0,0.6273408239700374,0.18112334513075826,27,9675,591,434
37,10.126453566948573,Alien-v0/BankHeist-v0,0.0,0.4472361809045226,0.09892106461647727,171,10308,592,423
38,10.407318143579696,BankHeist-v0/Centipede-v0,0.0,0.5976450620557971,0.11255554794868088,171,10308,610,439
39,10.595567445556323,Asteroids-v0/Centipede-v0,0.0,0.6535184400169564,0.18333606071872977,112,11328,615,439
40,10.819721777174207,Asteroids-v0/BankHeist-v0,0.0,0.6279306829765546,0.09779530573244394,68,11498,620,444
41,11.110110901792844,BankHeist-v0/BattleZone-v0,0.0,0.5961538461538463,0.10519379269379277,97,10994,617,441
42,11.314103260768784,Asteroids-v0/BattleZone-v0,0.0,0.6169244767970883,0.13730040090042692,37,11865,609,430
43,11.69820414384206,Asteroids-v0/Bowling-v0,0.0,0.7551867219917012,0.15328748256471905,64,11570,608,428
44,12.046731547382143,Bowling-v0/Centipede-v0,0.0,0.8070739549839229,0.25479877827798275,172,12054,621,430
45,12.284171337286631,Atlantis-v0/Centipede-v0,0.0,0.6695601851851851,0.18982018585126298,74,12820,625,438
46,12.474032396607928,Alien-v0/Atlantis-v0,0.0,0.7412209616423555,0.2576216857548145,89,13387,628,435
47,12.733442545202044,Alien-v0/BankHeist-v0,0.0,0.6991150442477875,0.11125716923702884,103,13452,615,430
48,12.988780014117559,Atlantis-v0/BankHeist-v0,0.0,0.6153846153846154,0.11659026837497315,103,13452,625,432
49,13.264054459399647,Atlantis-v0/BattleZone-v0,0.0,0.6553214478660184,0.1445032984403595,89,13387,614,431
50,13.565021780663066,BankHeist-v0/BattleZone-v0,0.0,0.5,0.07882760175469915,112,14318,625,438
51,14.082615413798226,BankHeist-v0/Bowling-v0,0.0,0.6833333333333332,0.09777817832251871,181,14341,623,429
52,14.370957575771543,Alien-v0/Bowling-v0,0.0,0.7522123893805309,0.37694990657668614,36,12993,630,427
53,14.577580372360018,Alien-v0/Atlantis-v0,0.0,0.8495575221238938,0.27480353790069395,106,15144,644,436
54,14.925957394573423,Atlantis-v0/Bowling-v0,0.0,0.728658536585366,0.25781707572936063,95,15629,640,431
55,15.315853492154016,Bowling-v0/Boxing-v0,0.0,0.9369085173501577,0.453205804052229,116,15641,653,442
56,15.651772611803478,BankHeist-v0/Boxing-v0,0.0,0.9274447949526814,0.153247740027077,89,15801,650,444
57,15.894170352684126,Alien-v0/BankHeist-v0,0.0,0.7222222222222222,0.1471786672168354,89,15801,638,432
58,16.23921361890104,Alien-v0/Bowling-v0,0.0,0.7103658536585367,0.3237750789562604,52,16465,632,434
59,16.57884745279948,Atlantis-v0/Bowling-v0,0.0,0.7713414634146342,0.21224659486854602,115,15696,622,426
60,16.818230744335388,Atlantis-v0/Centipede-v0,0.0,0.8137472283813747,0.2607619625507573,95,17102,635,423
61,17.0150116247601,Asteroids-v0/Centipede-v0,0.0,0.6255980062748937,0.25531119968255506,169,17069,650,435
62,17.289478017290435,Asteroids-v0/Boxing-v0,0.0,0.9943502824858756,0.33985434972882034,100,17294,645,439
63,17.584943576455117,Atlantis-v0/Boxing-v0,0.0,0.8418079096045198,0.32057546458534836,171,16645,649,429
64,17.80682479037179,Alien-v0/Atlantis-v0,0.0,0.6409448818897637,0.31431998615603984,171,16645,643,436
65,18.062511676947278,Alien-v0/Boxing-v0,0.0,0.8276836158192091,0.43496320080405176,218,17877,638,438
66,18.34910834636953,Boxing-v0/Centipede-v0,0.0,0.8870056497175142,0.36605795481839626,188,18908,628,429
67,18.881776896913845,Bowling-v0/Centipede-v0,0.0,0.8294891299013595,0.1470276523421794,35,18803,635,419
68,19.22081919166777,Alien-v0/Bowling-v0,0.0,0.8202614379084968,0.33359579590486854,95,18608,660,436
69,19.461106535991032,Alien-v0/BattleZone-v0,0.0,0.35833333333333334,0.1591923007735207,197,19728,662,436
70,19.688933206796648,Asteroids-v0/BattleZone-v0,0.0,0.6452702702702703,0.13116985760334385,90,19923,666,437
71,19.91476589600245,Asteroids-v0/Centipede-v0,0.0,0.6890304551698005,0.2610962860595554,240,19592,667,441
72,20.245524644123183,Boxing-v0/Centipede-v0,0.0,0.8526912181303116,0.4578652353475829,225,20411,657,435
73,20.57409116751618,BankHeist-v0/Boxing-v0,0.0,0.895184135977337,0.12766761095372994,272,20603,651,437
74,20.798798886471324,Asteroids-v0/BankHeist-v0,0.0,0.5625,0.15227374491691617,272,20603,649,433
75,21.03537427239948,Asteroids-v0/Atlantis-v0,0.0,0.6389050669772859,0.2621823521555246,264,21266,647,430
76,21.271299870875147,Atlantis-v0/BankHeist-v0,0.0,0.625,0.15858396202137312,272,20603,652,439
77,21.54799987932046,BankHeist-v0/Centipede-v0,0.0,0.784874173361147,0.17788954528283374,272,20603,652,431
78,21.86650003956424,Boxing-v0/Centipede-v0,0.0,0.9156626506024096,0.4545307235408601,221,22221,655,432
79,22.178162174489763,BattleZone-v0/Boxing-v0,0.0,0.863768115942029,0.17654509990701048,23,22403,658,432
80,22.405563911067116,Alien-v0/BattleZone-v0,0.0,0.5128205128205129,0.1786718948544067,179,22680,671,435
81,22.63673844900396,Alien-v0/BankHeist-v0,0.0,0.6624203821656051,0.1137857822681016,252,23068,666,436
82,22.868148700065085,Asteroids-v0/BankHeist-v0,0.0,0.7540279269602578,0.1424243768004547,252,23068,661,434
83,23.114017604920598,Asteroids-v0/Centipede-v0,0.0,0.8802517992987349,0.33277074369556675,215,23488,668,431
84,23.395281498498388,BattleZone-v0/Centipede-v0,0.0,0.7167873654924103,0.26980607565136566,247,23783,670,444
85,23.622432838744587,Alien-v0/BattleZone-v0,0.0,0.6,0.27038222432959297,218,24082,662,434
86,23.843832408189773,Alien-v0/Centipede-v0,0.0,0.7105263157894737,0.37015169808114873,175,22499,659,436
87,24.07133564637767,Asteroids-v0/Centipede-v0,0.0,0.7211625794732062,0.35386824885117185,239,22920,667,427
88,24.509268703924285,Asteroids-v0/Bowling-v0,0.0,0.8459302325581395,0.21860264398276555,335,24498,668,437
89,24.899299931592413,Bowling-v0/Centipede-v0,0.0,0.911665949203616,0.3347960395077436,348,24913,665,438
90,25.11532479690181,Asteroids-v0/Centipede-v0,0.0,0.7914980628497632,0.3774332881256538,239,22920,659,441
91,25.30498565269841,Alien-v0/Asteroids-v0,0.0,0.7142857142857143,0.3719926298075502,283,25418,656,430
92,25.59382612446944,Alien-v0/Boxing-v0,0.0,0.893854748603352,0.46397757232034054,232,25776,670,432
93,25.86098034613662,Asteroids-v0/Boxing-v0,0.0,0.8148148148148148,0.38352389032364126,226,24225,670,437
94,26.11671391043398,Asteroids-v0/Centipede-v0,0.0,0.7228649200408302,0.372184475040905,239,22920,663,431
95,26.40291303667757,BankHeist-v0/Centipede-v0,0.0,0.6218728369425491,0.17328586049565678,302,26473,655,422
96,26.920364120337698,BankHeist-v0/Bowling-v0,0.0,0.6914285714285714,0.08068381855111706,267,26774,660,426
97,27.36112293687132,Bowling-v0/Boxing-v0,0.0,0.8114285714285714,0.377177026656983,301,27344,664,420
98,27.648552262253233,Atlantis-v0/Boxing-v0,0.0,0.9497041420118343,0.3568493844024576,300,26473,680,436
99,28.09776177459293,Atlantis-v0/Bowling-v0,0.0,0.8386075949367089,0.18841858910116974,307,27951,678,435
100,28.462844773398505,BankHeist-v0/Bowling-v0,0.0,0.8702531645569621,0.12640040739124112,293,28400,678,430
101,28.812240239580472,Asteroids-v0/BankHeist-v0,0.0,0.7444237918215614,0.18603913770920338,300,26473,663,437
102,29.133948548899756,Asteroids-v0/Bowling-v0,0.0,0.7840593141797961,0.32492778595870114,294,28237,671,428
103,29.491244292987716,Bowling-v0/Centipede-v0,0.0,0.9667677850512053,0.3970891372697175,348,24913,674,432
104,29.828205159770118,Boxing-v0/Centipede-v0,0.0,0.8242424242424243,0.47470732066282656,293,26780,676,427
105,30.09069872180621,Asteroids-v0/Boxing-v0,0.0,0.8051575931232092,0.4133341172224622,242,26308,685,434
106,30.33693258649773,Asteroids-v0/Centipede-v0,0.0,0.7521514629948365,0.32536774712711647,217,30064,684,436
107,30.608372940089968,Atlantis-v0/Centipede-v0,0.0,0.7137696429646577,0.31037970143511434,315,30093,679,434
108,30.82070953892337,Asteroids-v0/Atlantis-v0,0.0,0.7580174927113703,0.30253042860217333,311,29686,677,439
109,31.051291001968913,Asteroids-v0/Centipede-v0,0.0,0.7520447696943607,0.33866666930062517,217,30064,662,429
110,31.461661302513548,Bowling-v0/Centipede-v0,0.0,0.856687898089172,0.3459983172929043,216,31036,662,431
111,31.820925678014756,Atlantis-v0/Bowling-v0,0.0,0.8830923947203017,0.29528579231175484,255,31053,647,424
112,32.08215156296889,Atlantis-v0/BattleZone-v0,0.0,0.7985303123086344,0.2837588549710438,298,31345,654,423
113,32.44504278884994,BattleZone-v0/Bowling-v0,0.0,0.8184713375796179,0.2703023788536734,292,30073,666,426
114,32.740397482845516,Alien-v0/Bowling-v0,0.0,0.7770700636942675,0.36278759606471106,293,32155,676,424
115,32.98223263488875,Alien-v0/Centipede-v0,0.0,0.68,0.38027303913694327,289,31174,679,425
116,33.255287370615534,BankHeist-v0/Centipede-v0,0.0,0.6888221411714225,0.18242583010462282,300,32292,684,431
117,33.548031031688055,BankHeist-v0/BattleZone-v0,0.0,0.4117647058823529,0.14335432548889632,302,32364,685,430
118,33.777051349017356,Asteroids-v0/BattleZone-v0,0.0,0.5263157894736842,0.21205461700663028,223,33219,686,434
119,34.03023133165306,Asteroids-v0/Centipede-v0,0.0,0.6692794226068061,0.2995526354714088,302,33207,680,430
120,34.30472308052911,BankHeist-v0/Centipede-v0,0.0,0.6234537934248596,0.16724598342172842,216,32534,680,434
121,34.53168016148938,Asteroids-v0/BankHeist-v0,0.0,0.6923076923076923,0.13589493138932182,301,34240,675,431
122,34.76537271281084,Asteroids-v0/Centipede-v0,0.0,0.7821428571428571,0.3655640605440495,291,33231,671,430
123,35.04146626883083,Atlantis-v0/Centipede-v0,0.0,0.7692307692307693,0.32188026019472016,277,34263,675,420
124,35.31085574759378,Atlantis-v0/BattleZone-v0,0.0,0.7428571428571429,0.29220556709035983,303,35091,699,429
125,35.540150677760444,Asteroids-v0/BattleZone-v0,0.0,0.6465454545454546,0.27254515181787947,305,32069,704,437
126,35.737027794851194,Alien-v0/Asteroids-v0,0.0,0.6993865030674846,0.3072932401559725,304,34544,701,437
127,36.03330006890827,Alien-v0/Boxing-v0,0.0,0.9159663865546218,0.4270854752873898,289,35520,697,435
128,36.37457787030273,BankHeist-v0/Boxing-v0,0.0,0.8495821727019499,0.2045972437577471,303,36128,697,434
129,36.606740441852146,Asteroids-v0/BankHeist-v0,0.0,0.6178571428571428,0.19674127715602371,303,36472,690,434
130,36.86558769557211,Asteroids-v0/Centipede-v0,0.0,0.7821428571428571,0.35691069636760675,291,33231,689,429
131,37.08598637825913,Alien-v0/Centipede-v0,0.0,0.6666666666666667,0.35019663565015735,291,33231,675,430
132,37.31544381154908,Alien-v0/BankHeist-v0,0.0,0.5575757575757576,0.16615926708949993,291,37204,674,421
133,37.64886381659243,BankHeist-v0/Boxing-v0,0.0,0.7847025495750708,0.196111899886133,291,37204,679,426
134,37.96746102081405,BattleZone-v0/Boxing-v0,0.0,0.8980169971671388,0.3569177102273699,350,37695,696,423
135,38.2457908601231,BankHeist-v0/BattleZone-v0,0.0,0.5925925925925926,0.146484546011733,291,37204,697,437
136,38.51970377233293,Atlantis-v0/BankHeist-v0,0.0,0.611111111111111,0.17236909299161216,252,36008,682,431
137,38.818910240398516,Atlantis-v0/Boxing-v0,0.0,0.8760806916426512,0.3427959860637292,326,37792,689,425
138,39.0857922440105,Alien-v0/Boxing-v0,0.0,0.8443804034582133,0.3034809447070699,289,38893,698,429
139,39.294628976848394,Alien-v0/Asteroids-v0,0.0,0.5852140077821012,0.2865566772181564,289,38893,698,431
140,39.545267418159376,Asteroids-v0/BankHeist-v0,0.0,0.6874999999999999,0.1669429654216331,305,38379,701,434
141,39.85518089367284,BankHeist-v0/Centipede-v0,0.0,0.6874999999999999,0.19580133078853634,334,39787,704,439
142,40.15718908131122,BattleZone-v0/Centipede-v0,0.0,0.6957145905678314,0.275106215956219,313,40067,702,429
143,40.61889110585054,BattleZone-v0/Bowling-v0,0.0,0.8454258675078864,0.216999964634034,331,40227,707,433
144,40.96413157741229,Asteroids-v0/Bowling-v0,0.0,0.8738170347003154,0.30034739050101134,321,40209,705,436
145,41.269020930926004,Asteroids-v0/Boxing-v0,0.0,0.8803418803418803,0.38927751670065525,253,40283,697,429
146,41.6753276069959,Bowling-v0/Boxing-v0,0.0,0.9401709401709402,0.561304697202133,340,40668,695,429
147,41.98209149678548,Alien-v0/Bowling-v0,0.0,0.8156249999999999,0.4025703332307107,290,41157,694,433
148,42.17786435769664,Alien-v0/Asteroids-v0,0.0,0.8172727272727273,0.39833872737572207,321,40209,695,428
149,42.419757756988204,Asteroids-v0/BankHeist-v0,0.0,0.6170555108608206,0.17915795745896648,253,40806,695,437
150,42.76399793777201,BankHeist-v0/Boxing-v0,0.0,0.8793103448275862,0.19779364703613161,253,40806,698,429
151,43.18308403756883,BattleZone-v0/Boxing-v0,0.0,0.9166666666666666,0.37843510257303364,292,42594,705,435
152,43.5678766351276,BattleZone-v0/Bowling-v0,0.0,0.8087774294670846,0.341563074262242,294,42283,694,433
153,43.91774588896168,Bowling-v0/Centipede-v0,0.0,0.8353658536585366,0.38349151763737244,291,42937,693,430
154,44.21571683002843,BankHeist-v0/Centipede-v0,0.0,0.7175563625065537,0.20149338764177938,316,43298,711,438
155,44.46790437744723,Asteroids-v0/BankHeist-v0,0.0,0.7333333333333333,0.2162158013890495,290,33203,718,441
156,44.81287671479914,Asteroids-v0/Bowling-v0,0.0,0.8513931888544892,0.40994471862819193,292,43962,705,439
157,45.1643407779932,Atlantis-v0/Bowling-v0,0.0,0.8256880733944955,0.3443038486049604,334,44104,709,429
158,45.38272819605139,Asteroids-v0/Atlantis-v0,0.0,0.860479797979798,0.3467288430523728,310,43966,714,431
159,45.64744339565436,Asteroids-v0/Centipede-v0,0.0,0.8717868599758364,0.38931767440175025,331,44855,722,435
160,45.9352345764637,BattleZone-v0/Centipede-v0,0.0,0.8529558805149356,0.3402403004222173,368,44401,720,440
161,46.16536239908801,Alien-v0/BattleZone-v0,0.0,0.7030303030303031,0.344004820936639,299,45126,707,434
162,46.345999830034046,Alien-v0/Asteroids-v0,0.0,0.8003369839932604,0.25527407245962414,315,45554,721,433
163,46.65975931406021,Asteroids-v0/Boxing-v0,0.0,0.9235127478753541,0.43007394465984405,321,45732,714,440
164,47.08589868472682,Bowling-v0/Boxing-v0,0.0,0.9230769230769231,0.6085132827512431,297,46249,695,429
165,47.430500982072616,Atlantis-v0/Bowling-v0,0.0,0.7865362485615649,0.3166859242082752,290,46348,699,428
166,47.65660566429297,Alien-v0/Atlantis-v0,0.0,0.5333333333333333,0.23393132794883656,292,46688,700,430
167,47.853658852974576,Alien-v0/Asteroids-v0,0.0,0.8003369839932604,0.24455017208388033,315,45554,697,427
168,48.096339161396024,Asteroids-v0/BankHeist-v0,0.0,0.5809748427672956,0.15078505884259066,323,45481,693,428
169,48.32020832995574,Alien-v0/BankHeist-v0,0.0,0.4457364341085271,0.16916310463908868,323,45481,706,430
170,48.505254956417616,Alien-v0/Asteroids-v0,0.0,0.9137104506232023,0.2777087232074694,315,45554,705,429
171,48.810976927744015,Asteroids-v0/Boxing-v0,0.0,0.7827359180687636,0.37942390267808085,326,48122,712,432
172,49.076532198852966,Alien-v0/Boxing-v0,0.0,0.8626373626373627,0.2973268118616957,296,46725,704,445
173,49.31542000783814,Alien-v0/BattleZone-v0,0.0,0.7297297297297297,0.2761170629736088,315,45554,691,425
174,49.679017667306795,BattleZone-v0/Bowling-v0,0.0,0.7791411042944786,0.32412336833581257,338,49056,694,425
175,50.01924614436096,Atlantis-v0/Bowling-v0,0.0,0.7245283018867924,0.3205486255683472,319,48991,700,428
176,50.24215038312806,Alien-v0/Atlantis-v0,0.0,0.5779874213836478,0.2774606696110638,315,45554,704,435
177,50.50557080878152,Alien-v0/Centipede-v0,0.0,0.6317829457364341,0.2910688702442105,315,45554,715,431
178,50.79076148688793,BattleZone-v0/Centipede-v0,0.0,0.7297297297297297,0.3371429303866453,304,50167,711,433
179,50.997874714268576,Alien-v0/BattleZone-v0,0.0,0.6749999999999999,0.26564978427054814,315,45554,713,436
180,51.203295709755686,Alien-v0/Asteroids-v0,0.0,0.7330246913580246,0.2505515814691018,315,45554,697,441
181,51.54897288587358,Asteroids-v0/Bowling-v0,0.0,0.8089171974522293,0.37141893821806493,295,46355,698,425
182,51.914744471377794,Bowling-v0/Centipede-v0,0.0,0.8272816051136364,0.4244978658366752,290,50198,714,430
183,52.18388466166125,BankHeist-v0/Centipede-v0,0.0,0.8320488185983658,0.17790691229338298,343,48833,706,438
184,52.517983518971334,BankHeist-v0/Boxing-v0,0.0,0.9193083573487031,0.23631699630229103,343,48833,707,426
185,52.78678070101473,Alien-v0/Boxing-v0,0.0,0.8040345821325648,0.28171234962141284,315,45554,712,434
186,53.00828229857816,Alien-v0/BankHeist-v0,0.0,0.4418604651162791,0.17780180339202484,343,48833,705,430
187,53.296159709625776,BankHeist-v0/BattleZone-v0,0.0,0.6744186046511628,0.18519390449527584,372,51501,698,434
188,53.64218864129649,BattleZone-v0/Bowling-v0,0.0,0.7674418604651162,0.32274505314640356,297,53050,699,423
189,53.989199229545065,Bowling-v0/Centipede-v0,0.0,0.8524294057438738,0.3917106253246749,319,53261,718,427
190,54.33320873253875,Boxing-v0/Centipede-v0,0.0,0.9002849002849003,0.4818274653106453,315,53675,729,434
191,54.702695289055505,Bowling-v0/Boxing-v0,0.0,0.9829059829059829,0.6847633451079921,329,53232,725,441
192,55.03287401755651,Bowling-v0/Centipede-v0,0.0,0.9511400651465798,0.49429876869179357,357,53787,722,433
193,55.31189422441854,BattleZone-v0/Centipede-v0,0.0,0.868421052631579,0.3469575705108791,315,53903,716,426
194,55.624950901733506,BattleZone-v0/Bowling-v0,0.0,0.8421052631578947,0.4022071865768308,322,49318,721,433
195,55.91942553599676,Alien-v0/Bowling-v0,0.0,0.7953216374269005,0.38979210532527625,299,54926,712,429
196,56.12686199982961,Alien-v0/Asteroids-v0,0.0,0.4954462659380692,0.3081143303421206,341,55115,726,424
197,56.41582746724288,Asteroids-v0/Boxing-v0,0.0,0.9083094555873926,0.3823631631384236,329,53232,727,432
198,56.72207271198432,BankHeist-v0/Boxing-v0,0.0,0.8666666666666667,0.2004037107785917,296,55910,734,433
199,56.95113376345899,Alien-v0/BankHeist-v0,0.0,0.5609756097560976,0.19298303260168911,321,56227,723,427
200,57.182827810115285,Alien-v0/Atlantis-v0,0.0,0.7804878048780489,0.3702478990518704,294,56261,738,433
201,57.58702138808039,Atlantis-v0/Centipede-v0,0.0,0.7486713044981204,0.36193397306051883,322,56727,739,429
202,57.93072916832235,Bowling-v0/Centipede-v0,0.0,0.8478937122443655,0.43112628863019775,319,56601,734,436
203,58.23859423869186,Asteroids-v0/Bowling-v0,0.0,0.8847262247838616,0.37917157235524107,329,53232,719,431
204,58.54836423867279,Asteroids-v0/Boxing-v0,0.0,0.912718204488778,0.43539862241348376,297,56631,727,424
205,58.87580203089449,Boxing-v0/Centipede-v0,0.0,0.8937259646545392,0.4787644066119682,340,56621,729,431
206,59.163211537533336,BattleZone-v0/Centipede-v0,0.0,0.8157894736842106,0.3429389812057817,321,56276,722,428
207,59.42045097900761,Atlantis-v0/BattleZone-v0,0.0,0.8421052631578947,0.272544381733929,321,57361,724,425
208,59.6381740593248,Alien-v0/Atlantis-v0,0.0,0.6071428571428571,0.2919985464456053,321,57361,723,436
209,59.88240154994859,Alien-v0/BankHeist-v0,0.0,0.6488095238095237,0.17511467889908275,290,58837,735,426
210,60.149356313347816,BankHeist-v0/BattleZone-v0,0.0,0.75,0.18342462180490388,339,59204,743,441
211,60.40575096885363,Atlantis-v0/BattleZone-v0,0.0,0.74,0.27192299066710357,321,56276,713,421
212,60.750085612071885,Atlantis-v0/Bowling-v0,0.0,0.8848167539267017,0.3990319033201947,316,58905,717,421
213,61.061087073816196,Asteroids-v0/Bowling-v0,0.0,0.8734177215189873,0.28858687225453933,330,59979,731,417
214,61.29944807920191,Asteroids-v0/BattleZone-v0,0.0,0.6341463414634146,0.263822610013376,330,59979,744,425
215,61.559162684016755,BankHeist-v0/BattleZone-v0,0.0,0.5882352941176471,0.15342054181787496,304,60122,738,430
216,61.88962500400013,BankHeist-v0/Boxing-v0,0.0,0.8879310344827587,0.19481461389688243,322,60544,727,425
217,62.16215840286679,Asteroids-v0/Boxing-v0,0.0,0.9482758620689655,0.4360993861846526,352,60556,740,422
218,62.42012547784381,Asteroids-v0/Centipede-v0,0.0,0.7666922486569455,0.35266984774824606,356,59005,742,421
219,62.75402741611004,Bowling-v0/Centipede-v0,0.0,0.8147213847699911,0.4295478623567299,345,58208,746,432
220,63.09242131345802,BattleZone-v0/Bowling-v0,0.0,0.8333333333333333,0.30251816416182464,319,61366,738,428
221,63.36624255736669,BattleZone-v0/Centipede-v0,0.0,0.7531209642703401,0.32103207251415317,319,61366,730,426
222,63.62712549732791,BankHeist-v0/Centipede-v0,0.0,0.7333333333333333,0.1767889082233395,331,58025,731,421
223,63.963741277257604,BankHeist-v0/Boxing-v0,0.0,0.9312320916905444,0.2102728288533123,363,62717,742,432
224,64.27274148503939,BattleZone-v0/Boxing-v0,0.0,0.8536585365853658,0.34994844917672635,366,63156,747,427
225,64.61471708794434,BattleZone-v0/Bowling-v0,0.0,0.781437125748503,0.3519933344027661,366,63156,748,434
226,64.95131065905095,Atlantis-v0/Bowling-v0,0.0,0.8443804034582133,0.37464649891013035,295,63495,735,428
227,65.17314307325417,Alien-v0/Atlantis-v0,0.0,0.6722505462490896,0.3762477074422742,303,63983,731,418
228,65.46181140674486,Alien-v0/Boxing-v0,0.0,0.935064935064935,0.4988846260707336,329,63968,742,430
229,65.77761087006992,BattleZone-v0/Boxing-v0,0.0,0.9195402298850575,0.4161442700576624,320,54746,739,436
230,66.05910894036293,BankHeist-v0/BattleZone-v0,0.0,0.7714285714285715,0.12755570117955453,297,64065,735,428
231,66.30359473824501,Asteroids-v0/BankHeist-v0,0.0,0.7999999999999999,0.15551673157970017,327,64725,745,428
232,66.5245233899355,Asteroids-v0/BattleZone-v0,0.0,0.7931330472103004,0.321499051668319,345,58208,743,432
233,66.73962394012345,Alien-v0/BattleZone-v0,0.0,0.6086956521739131,0.31469260409477784,318,62845,749,423
234,66.92401017944017,Alien-v0/Asteroids-v0,0.0,0.5324675324675324,0.21580389222233223,333,65940,745,426
235,67.16123888565434,Asteroids-v0/BankHeist-v0,0.0,0.5714285714285714,0.17557406729941935,327,64725,744,432
236,67.44368844648203,Atlantis-v0/BankHeist-v0,0.0,0.6874999999999999,0.2002103434413048,289,66347,742,427
237,67.65722743226422,Alien-v0/Atlantis-v0,0.0,0.5520330806340455,0.24143380254767538,336,65940,744,430
238,67.9207164459096,Alien-v0/Centipede-v0,0.0,0.49324324324324326,0.25872137671258894,333,65940,729,422
239,68.17744969222281,Atlantis-v0/Centipede-v0,0.0,0.8899554975651809,0.3408225989830005,295,67254,741,426
240,68.38661982079347,Asteroids-v0/Atlantis-v0,0.0,0.6030368763557483,0.27694968637052164,320,65845,762,428
241,68.6906571696202,Asteroids-v0/Boxing-v0,0.0,0.8387978142076502,0.3701333196186791,320,65845,759,436
242,68.99149961325857,Atlantis-v0/Boxing-v0,0.0,0.866120218579235,0.39741648649377664,330,66736,757,432
243,69.24416752378146,Atlantis-v0/BankHeist-v0,0.0,0.6190476190476191,0.13100469094058836,309,67921,758,423
244,69.47533249470922,Asteroids-v0/BankHeist-v0,0.0,0.7401229148375769,0.16999423883028414,309,67921,756,435
245,69.76434611976147,Asteroids-v0/Boxing-v0,0.0,0.9369527145359019,0.43862267143252354,299,68291,742,429
246,70.06034531321791,Atlantis-v0/Boxing-v0,0.0,0.8781163434903048,0.4263834472079131,334,68383,740,414
247,70.34907391124301,Atlantis-v0/BattleZone-v0,0.0,0.7428571428571429,0.25896284163854155,344,69096,754,424
248,70.64371392740144,BattleZone-v0/Centipede-v0,0.0,0.8302980132450332,0.3115259895861702,343,69207,754,423
249,70.87828685389624,Asteroids-v0/Centipede-v0,0.0,0.717524197656648,0.29311029377664843,360,69375,756,432
250,71.17477832025952,Asteroids-v0/Boxing-v0,0.0,0.8389830508474576,0.3755969691785707,352,65383,756,424
251,71.62149332761764,Atlantis-v0/Boxing-v0,0.0,0.8984881209503239,0.39305172862443793,335,70468,761,425
252,71.91723017878003,Atlantis-v0/BankHeist-v0,0.0,0.730259671436142,0.1939006826896102,330,70236,771,427
253,72.15607932276195,Alien-v0/BankHeist-v0,0.0,0.6928104575163399,0.21537795446047314,341,71114,768,434
254,72.42982034623623,Alien-v0/Centipede-v0,0.0,0.7777777777777778,0.42104826391823874,361,70216,761,433
255,72.6850592545006,Asteroids-v0/Centipede-v0,0.0,0.7078220858895705,0.3412217388960045,361,70216,766,417
256,73.24743614190155,Asteroids-v0/Bowling-v0,0.0,0.8624999999999999,0.09673801120517886,381,71712,775,429
257,73.715722842945,BankHeist-v0/Bowling-v0,0.0,0.796875,0.08489219114219117,375,70648,774,424
258,73.94899281130897,Alien-v0/BankHeist-v0,0.0,0.6538461538461539,0.19806785195936166,331,72110,777,435
259,74.34840318759282,Alien-v0/Bowling-v0,0.0,0.9051987767584099,0.2864625497178485,298,72619,766,430
260,74.68919406533242,Asteroids-v0/Bowling-v0,0.0,0.8440366972477065,0.2677730113196264,381,71712,749,422
261,74.93941549638907,Asteroids-v0/Centipede-v0,0.0,0.8171384850803366,0.32149610067678214,336,72635,758,418
262,75.28403902279005,Boxing-v0/Centipede-v0,0.0,0.9131652661064427,0.4719043886378655,336,72635,765,430
263,75.55212114459938,Asteroids-v0/Boxing-v0,0.0,0.9215686274509804,0.44233858666284265,352,65383,754,421
264,75.81040150523185,Asteroids-v0/BattleZone-v0,0.0,0.7888989990900819,0.31699770644049546,304,50167,768,424
265,76.08052455531227,BankHeist-v0/BattleZone-v0,0.0,0.6060606060606061,0.15162423640576594,402,74521,772,421
266,76.49529155737824,BankHeist-v0/Bowling-v0,0.0,0.896875,0.14269713401675221,314,74177,774,425
267,76.85166222108735,Atlantis-v0/Bowling-v0,0.0,0.69375,0.292603261256135,316,74670,772,419
268,77.07344771484534,Asteroids-v0/Atlantis-v0,0.0,0.8677859391395593,0.32239748439083604,385,74389,777,426
269,77.30818090180556,Asteroids-v0/BattleZone-v0,0.0,0.6683029453015428,0.25674438167104524,370,75436,788,422
270,77.53289370708995,Alien-v0/BattleZone-v0,0.0,0.5936254980079682,0.25750221861369693,412,75474,801,435
271,77.90549962143103,Alien-v0/Bowling-v0,0.0,0.7310126582278481,0.2197324190796831,412,75474,801,433
272,78.24181575126119,BattleZone-v0/Bowling-v0,0.0,0.8070175438596491,0.32314123082325347,364,75638,788,433
273,78.47272361702389,Alien-v0/BattleZone-v0,0.0,0.5976095617529881,0.2682824691050451,412,75474,781,423
274,78.73360644857088,Alien-v0/Centipede-v0,0.0,0.700719213268751,0.2859961982203727,412,75474,784,428
275,79.0712464408742,Bowling-v0/Centipede-v0,0.0,0.8309114927344782,0.4215789774217656,405,76737,790,429
276,79.39691197123793,Atlantis-v0/Bowling-v0,0.0,0.8400000000000001,0.3385709014443916,390,76799,793,422
277,79.61025267137421,Alien-v0/Atlantis-v0,0.0,0.7036802030456852,0.36748923424832214,425,76730,806,425
278,79.90776559591293,Alien-v0/Boxing-v0,0.0,0.8857142857142857,0.46680882352941194,425,76730,813,432
279,80.2389561814732,Boxing-v0/Centipede-v0,0.0,0.9342857142857143,0.45155600600708745,339,77833,803,425
280,80.61659922540188,Bowling-v0/Centipede-v0,0.0,0.8398663915905296,0.37825881428315516,425,76730,809,423
281,80.9632155125671,BattleZone-v0/Bowling-v0,0.0,0.6432748538011696,0.22926550175523677,328,78010,803,434
282,81.24174858364793,Atlantis-v0/BattleZone-v0,0.0,0.6346153846153847,0.2395510252816575,343,78722,792,414
283,81.50276690151956,Atlantis-v0/BankHeist-v0,0.0,0.78470080197409,0.1674102286713932,330,79398,805,423
284,81.86023394770092,BankHeist-v0/Bowling-v0,0.0,0.7142857142857143,0.1480355735674886,370,79329,811,430
285,82.22588816940784,Bowling-v0/Centipede-v0,0.0,0.8223008154042637,0.3439911571246776,343,78686,810,430
286,82.47111404498418,Asteroids-v0/Centipede-v0,0.0,0.7644955300127714,0.3478231130469768,350,80316,813,429
287,82.7732153263357,Asteroids-v0/Boxing-v0,0.0,0.9186046511627907,0.44564460029837083,401,80632,803,430
288,83.15969306402737,Bowling-v0/Boxing-v0,0.0,0.9220055710306406,0.593919092586517,329,80754,800,424
289,83.49291654249032,Bowling-v0/Centipede-v0,0.0,0.9254401255011331,0.42128904433312475,346,81210,801,427
290,83.77301916559537,Atlantis-v0/Centipede-v0,0.0,0.8583235915420743,0.33409429940921476,428,79907,800,424
291,84.06025309171942,Atlantis-v0/BattleZone-v0,0.0,0.8285714285714285,0.2923135499196824,417,81695,801,420
292,84.28400338378218,Alien-v0/BattleZone-v0,0.0,0.6928104575163399,0.32271181977064406,428,81862,801,426
293,84.49489336020417,Alien-v0/Atlantis-v0,0.0,0.6834577114427861,0.26257307730214147,411,82284,802,421
294,84.73475187857946,Asteroids-v0/Atlantis-v0,0.0,1,0.3049168509950842,425,82571,802,417
295,84.97693555096785,Asteroids-v0/BattleZone-v0,0.0,0.7641843971631206,0.27466227133301935,428,81862,804,418
296,85.2422107374668,BankHeist-v0/BattleZone-v0,0.0,0.5714285714285714,0.1370951301699225,378,82945,803,415
297,85.55776923086908,BankHeist-v0/Boxing-v0,0.0,0.8286516853932584,0.17885587292992194,336,83201,799,425
298,86.0040014354388,Bowling-v0/Boxing-v0,0.0,0.9495798319327731,0.5303296107305175,345,83396,799,410
299,86.36897405948903,Bowling-v0/Centipede-v0,0.0,0.9719381305876675,0.4321525457505283,303,83810,810,420
300,86.61218612015247,Alien-v0/Centipede-v0,0.0,0.7171052631578947,0.42248985467601063,324,82443,819,424
301,86.94243498682975,Alien-v0/BankHeist-v0,0.0,0.6513157894736842,0.2126753351539226,329,83510,821,426
302,87.21954464952151,Atlantis-v0/BankHeist-v0,0.0,0.7667844522968198,0.23340161061521492,329,83510,818,424
303,87.51859996941354,Atlantis-v0/Centipede-v0,0.0,0.8004350190320826,0.40182593205517814,430,84326,823,424
304,87.9099803615941,Bowling-v0/Centipede-v0,0.0,0.8685779717409152,0.3842741400546427,414,85066,822,427
305,88.2641331069337,BattleZone-v0/Bowling-v0,0.0,0.8048780487804879,0.22716664367785258,350,83033,821,424
306,88.52536177304056,BankHeist-v0/BattleZone-v0,0.0,0.6,0.14248869027915728,415,85826,811,421
307,88.80170201109516,Atlantis-v0/BankHeist-v0,0.0,0.7895642201834862,0.2140200151165684,413,85770,809,418
308,89.10492977314526,Atlantis-v0/Centipede-v0,0.0,0.8554727526781555,0.4090064080664651,428,86140,810,418
309,89.44465110129781,Boxing-v0/Centipede-v0,0.0,0.8679775280898876,0.46879837687212955,328,86578,819,421
310,89.71057935436566,Alien-v0/Boxing-v0,0.0,0.8087431693989071,0.3006121072311031,346,66789,819,430
311,89.95915552232,Alien-v0/BattleZone-v0,0.0,0.6,0.21870438844020632,346,66789,806,426
312,90.20569918360975,Asteroids-v0/BattleZone-v0,0.0,0.6499999999999999,0.2331115902800081,336,87272,811,419
313,90.3898682404889,Alien-v0/Asteroids-v0,0.0,0.8269387755102041,0.3338254347084897,357,87252,821,426
314,90.67766637974316,Alien-v0/Boxing-v0,0.0,0.8413597733711048,0.30691906059348506,438,87732,816,422
315,91.00858894805114,Boxing-v0/Centipede-v0,0.0,0.895184135977337,0.46909462239791955,361,88049,826,421
316,91.32257423102855,Atlantis-v0/Centipede-v0,0.0,0.8495981630309989,0.3681113731903879,440,88523,830,428
317,91.68911345322927,Atlantis-v0/Bowling-v0,0.0,0.8917197452229298,0.45443608289788745,456,88569,832,421
318,91.96855197429657,Alien-v0/Bowling-v0,0.0,0.8999999999999999,0.46787371858982374,357,87796,833,432
319,92.22280927273962,Alien-v0/Atlantis-v0,0.0,0.7941847206385405,0.43544299828072597,413,89235,815,423
320,92.53790907329983,Atlantis-v0/Bowling-v0,0.0,0.9505165851005981,0.545761764720067,450,88861,811,416
321,92.91545817606979,Bowling-v0/Boxing-v0,0.0,0.8645533141210374,0.6108297576420229,414,89395,820,425
322,93.24697185463376,BattleZone-v0/Boxing-v0,0.0,0.8050847457627118,0.27073122097123237,427,90049,826,421
323,93.4807496388091,Alien-v0/BattleZone-v0,0.0,0.7073170731707317,0.2673512542726377,356,90276,818,430
324,93.74981467439069,Alien-v0/Boxing-v0,0.0,0.8728813559322034,0.34798841227502864,414,89395,815,424
325,94.02517227252325,Asteroids-v0/Boxing-v0,0.0,0.9293785310734464,0.37299977664644224,412,90538,818,432
