tpgGen,hoursElapsed,envs,fitMin,fitMax,fitAvg,champSize,champUid,totalTeams,totalRootTeams
1,0.35128199650181663,Bowling-v0,0.0,1,0.060645161290322616,6,291,490,402
2,0.66597674522135,Atlantis-v0/Bowling-v0,0.0,0.12250000000000001,0.0011256218905472638,6,454,534,438
3,1.00942807091607,Atlantis-v0/Bowling-v0/Centipede-v0,0.0,0.05614783226723524,0.000507709345863947,5,598,547,451
4,1.5979238429334428,Atlantis-v0/BankHeist-v0/Bowling-v0/Centipede-v0,0.0,0.0,0.0,5,1226,557,441
5,2.0139966766701805,Atlantis-v0/BankHeist-v0/Boxing-v0/Centipede-v0,0.0,0.07320540156361051,0.00034005547255623397,11,642,569,454
6,2.4194593754079605,Alien-v0/BankHeist-v0/Boxing-v0/Centipede-v0,0.0,0.39999999999999997,0.00989011277005062,5,1147,554,446
7,2.919938285615709,Alien-v0/BankHeist-v0/BattleZone-v0/Boxing-v0,0.0,0.5454545454545454,0.017399131898384518,6,1289,560,443
8,3.2182618670331107,Alien-v0/Asteroids-v0/BattleZone-v0/Boxing-v0,0.0,0.3611111111111111,0.014075887392900877,6,1289,570,440
9,3.5943377184205585,Alien-v0/Asteroids-v0/BankHeist-v0/BattleZone-v0,0.0,0.13953488372093023,0.00287868971375075,5,2716,582,444
10,3.9001606566376155,Asteroids-v0/Atlantis-v0/BankHeist-v0/BattleZone-v0,0.0,0.11864406779661017,0.0012865170605718824,21,2368,589,445
11,4.435629675123427,Asteroids-v0/Atlantis-v0/BankHeist-v0/Bowling-v0,0.0,0.12218963831867058,0.0004062996264934835,21,2368,581,446
12,4.916442349818018,Atlantis-v0/BankHeist-v0/Bowling-v0/Centipede-v0,0.0,0.22222222222222224,0.0015539718886706621,14,3310,571,445
13,5.280097710423999,Asteroids-v0/Atlantis-v0/Bowling-v0/Centipede-v0,0.0,0.17385257301808069,0.002108963160372295,10,2759,566,435
14,5.732576458586587,Asteroids-v0/BankHeist-v0/Bowling-v0/Centipede-v0,0.0,0.11764705882352942,0.0017743955473134582,19,3860,572,442
15,6.043144860863686,Alien-v0/Asteroids-v0/BankHeist-v0/Centipede-v0,0.0,0.23529411764705885,0.004825555822991837,6,3820,572,433
16,6.486113922198613,Alien-v0/Asteroids-v0/BankHeist-v0/Bowling-v0,0.0,0.11764705882352942,0.0018246850766628264,9,4048,586,447
17,7.006345280342632,Alien-v0/BankHeist-v0/BattleZone-v0/Bowling-v0,0.0,0.29411764705882354,0.008550719929065096,25,3881,582,453
18,7.404804625180033,Alien-v0/Asteroids-v0/BattleZone-v0/Bowling-v0,0.0,0.29213483146067415,0.01048139528188079,21,5011,575,443
19,7.804726401633687,Asteroids-v0/BattleZone-v0/Bowling-v0/Centipede-v0,0.0,0.27573992785431783,0.014259893290487735,15,5040,567,427
20,8.04234806239605,Asteroids-v0/Atlantis-v0/BattleZone-v0/Centipede-v0,0.0,0.11058020477815698,0.011091474217402838,23,4152,575,438
21,8.421103240847588,Asteroids-v0/Atlantis-v0/Bowling-v0/Centipede-v0,0.0,0.11909262759924386,0.011244867208374473,23,4152,576,442
22,8.909247742361492,Atlantis-v0/BankHeist-v0/Bowling-v0/Centipede-v0,0.0,0.22222222222222224,0.010254833029804733,19,5470,579,440
23,9.38906951824824,Atlantis-v0/BankHeist-v0/BattleZone-v0/Bowling-v0,0.0,0.3066666666666667,0.014037335815492815,20,5869,579,443
24,9.926923586659962,BankHeist-v0/BattleZone-v0/Bowling-v0/Boxing-v0,0.0,0.2608695652173913,0.027653193094978323,27,6598,575,431
25,10.309560407201449,Asteroids-v0/BankHeist-v0/BattleZone-v0/Boxing-v0,0.0,0.2371134020618557,0.02845077980361686,20,6469,578,435
26,10.676411759588454,Asteroids-v0/BattleZone-v0/Boxing-v0/Centipede-v0,0.0,0.5360824742268041,0.059869289358462405,32,7086,601,426
27,11.030572689771653,Asteroids-v0/BankHeist-v0/Boxing-v0/Centipede-v0,0.0,0.4548022598870056,0.044763309647588796,15,7115,621,451
28,11.30868806746271,Asteroids-v0/Atlantis-v0/BankHeist-v0/Centipede-v0,0.0,0.22577610536218248,0.021213759963951896,16,7509,608,447
29,11.646057799922096,Atlantis-v0/BankHeist-v0/Boxing-v0/Centipede-v0,0.0,0.2283365966941396,0.023896819501896982,15,7492,584,442
30,12.049752229717043,Atlantis-v0/BankHeist-v0/BattleZone-v0/Boxing-v0,0.0,0.437860513896172,0.02407560551686512,25,8110,576,426
31,12.56998779906167,Atlantis-v0/BattleZone-v0/Bowling-v0/Boxing-v0,0.0,0.4404761904761905,0.025014541824060002,34,8373,585,436
32,13.005179019040531,Asteroids-v0/BattleZone-v0/Bowling-v0/Boxing-v0,0.0,0.5887096774193549,0.0633652851056144,104,8675,584,433
33,13.395330471263991,Asteroids-v0/Atlantis-v0/BattleZone-v0/Bowling-v0,0.0,0.40740740740740744,0.031425487322966336,47,8407,574,435
34,13.784505914515918,Asteroids-v0/Atlantis-v0/BankHeist-v0/Bowling-v0,0.0,0.40740740740740744,0.027630067820408447,20,8284,580,428
35,14.134052295618588,Asteroids-v0/Atlantis-v0/BankHeist-v0/Boxing-v0,0.0,0.34948096885813146,0.03504728008613453,25,8110,593,432
36,14.48721000081963,Atlantis-v0/BankHeist-v0/Boxing-v0/Centipede-v0,0.0,0.46182313985196727,0.046165167667445196,25,8110,601,437
37,14.938108334872458,BankHeist-v0/Bowling-v0/Boxing-v0/Centipede-v0,0.0,0.4583333333333333,0.08212295243286961,39,9042,602,433
38,15.337600850860278,Alien-v0/Bowling-v0/Boxing-v0/Centipede-v0,0.0,0.5762693573625425,0.15493695641440366,24,9736,587,423
39,15.795801682339775,Alien-v0/BattleZone-v0/Bowling-v0/Centipede-v0,0.0,0.4627726124181243,0.12319058715778355,101,10413,590,427
40,16.206442008746993,Alien-v0/Asteroids-v0/BattleZone-v0/Bowling-v0,0.0,0.3055555555555555,0.08882406510277376,62,10696,596,426
41,16.539799170891445,Alien-v0/Asteroids-v0/Atlantis-v0/BattleZone-v0,0.0,0.3333333333333333,0.05577688278511611,39,10735,617,435
42,16.97668413374159,Asteroids-v0/Atlantis-v0/BattleZone-v0/Boxing-v0,0.0,0.6944444444444445,0.07112734568313495,30,10577,611,439
43,17.30828548444642,Asteroids-v0/Atlantis-v0/Boxing-v0/Centipede-v0,0.0,0.5527987503254361,0.09289416616044031,30,10577,613,430
44,17.68628894633717,Atlantis-v0/BankHeist-v0/Boxing-v0/Centipede-v0,0.0,0.4327767686067634,0.06435213297904246,20,8284,621,446
45,18.0526988897721,Asteroids-v0/BankHeist-v0/Boxing-v0/Centipede-v0,0.0,0.39761322329164855,0.08599407990828431,113,10845,612,433
46,18.48128795550929,Asteroids-v0/BankHeist-v0/Bowling-v0/Centipede-v0,0.0,0.3979573184663894,0.0748389305409074,116,10845,614,435
47,18.8417951561345,Asteroids-v0/Atlantis-v0/BankHeist-v0/Bowling-v0,0.0,0.43739279588336194,0.07132190948740326,204,12305,611,432
48,19.208637298875384,Alien-v0/Asteroids-v0/Atlantis-v0/Bowling-v0,0.0,0.44382022471910104,0.09533759639893162,39,12300,626,436
49,19.614747867054408,Alien-v0/Atlantis-v0/BankHeist-v0/Bowling-v0,0.0,0.38461538461538464,0.09543721135540564,87,10292,631,440
50,19.939979211158224,Alien-v0/Atlantis-v0/BankHeist-v0/Centipede-v0,0.0,0.31718061674008813,0.09303908387490399,20,8284,632,431
51,20.400221026539803,Alien-v0/Asteroids-v0/BankHeist-v0/Centipede-v0,0.0,0.33333333333333337,0.11019368419106931,98,13067,633,447
52,20.83788585788674,Asteroids-v0/BankHeist-v0/Bowling-v0/Centipede-v0,0.0,0.4129692832764505,0.11045738641041723,98,13067,614,434
53,21.201543790565598,Alien-v0/Asteroids-v0/Bowling-v0/Centipede-v0,0.0,0.3696682464454976,0.11875923328368627,185,12839,622,429
54,21.562210445337826,Alien-v0/Asteroids-v0/Atlantis-v0/Bowling-v0,0.0,0.49291075896580483,0.12227307907714983,185,12839,620,430
55,22.02992120504379,Alien-v0/Atlantis-v0/Bowling-v0/Boxing-v0,0.0,0.532459797498511,0.1810996844201823,185,12839,623,432
56,22.598052595059077,Alien-v0/Atlantis-v0/BattleZone-v0/Boxing-v0,0.0,0.42272727272727273,0.15839294780194624,65,14846,635,432
57,23.163169878323874,Atlantis-v0/BattleZone-v0/Boxing-v0/Centipede-v0,0.0,0.6700416914830256,0.22413678359018774,83,15093,631,435
58,23.711456184917026,BankHeist-v0/BattleZone-v0/Boxing-v0/Centipede-v0,0.0,0.5752526567418522,0.10521123309962435,70,14153,632,435
59,24.2930599581533,BankHeist-v0/BattleZone-v0/Bowling-v0/Centipede-v0,0.0,0.5752526567418522,0.12771202160600814,83,15093,634,432
60,24.72625906288624,BankHeist-v0/Bowling-v0/Boxing-v0/Centipede-v0,0.0,0.6153846153846154,0.1567148287008397,70,14153,656,445
61,25.24267012967004,Atlantis-v0/BankHeist-v0/Bowling-v0/Boxing-v0,0.0,0.7315634218289085,0.1650611412761626,165,15846,642,442
62,25.67642884519365,Asteroids-v0/Atlantis-v0/Bowling-v0/Boxing-v0,0.0,0.7286135693215339,0.23852834584423058,104,15625,624,430
63,26.046103187004725,Asteroids-v0/Atlantis-v0/Boxing-v0/Centipede-v0,0.0,0.5933987511150758,0.25564129070310393,256,16581,638,428
64,26.689616427885163,Asteroids-v0/Atlantis-v0/BattleZone-v0/Centipede-v0,0.0,0.6151658286352786,0.23475151360162,95,16885,646,434
65,27.231171918312707,Asteroids-v0/BankHeist-v0/BattleZone-v0/Centipede-v0,0.0,0.42643245716609895,0.12608387866474038,165,15846,641,429
66,27.781217625207372,Alien-v0/BankHeist-v0/BattleZone-v0/Centipede-v0,0.0,0.5565217391304347,0.1397286724885475,67,17425,644,435
67,28.292405282126534,Alien-v0/Asteroids-v0/BankHeist-v0/BattleZone-v0,0.0,0.4608695652173913,0.1472084965431623,90,16358,646,437
68,28.662750599715444,Alien-v0/Asteroids-v0/Atlantis-v0/BankHeist-v0,0.0,0.49673735725938006,0.15833334274631247,89,16868,637,434
69,29.21652762989203,Alien-v0/Asteroids-v0/Atlantis-v0/BattleZone-v0,0.0,0.5945945945945946,0.21852381632990486,207,18016,644,432
70,29.8564442043172,Asteroids-v0/Atlantis-v0/BattleZone-v0/Bowling-v0,0.0,0.5980392156862745,0.20820713335687333,142,18436,645,439
71,30.565564705994394,Atlantis-v0/BattleZone-v0/Bowling-v0/Boxing-v0,0.0,0.7614678899082569,0.3255940665281205,142,18436,638,426
72,31.24731816066636,BankHeist-v0/BattleZone-v0/Bowling-v0/Boxing-v0,0.0,0.7614678899082569,0.13327849703543307,173,17703,647,436
73,31.724435751239458,Alien-v0/BankHeist-v0/Bowling-v0/Boxing-v0,0.0,0.7435158501440922,0.16683737339521384,117,18548,635,437
74,32.33880932562881,Alien-v0/BankHeist-v0/BattleZone-v0/Boxing-v0,0.0,0.6699029126213593,0.15573119592869486,165,15846,636,434
75,32.92030215614372,Alien-v0/Atlantis-v0/BankHeist-v0/BattleZone-v0,0.0,0.6699029126213593,0.161143429562881,165,15846,642,432
76,33.52008823023902,Alien-v0/Atlantis-v0/BattleZone-v0/Centipede-v0,0.0,0.6750550132596062,0.2902964592217629,65,19430,640,441
77,34.233006507754325,Atlantis-v0/BattleZone-v0/Bowling-v0/Centipede-v0,0.0,0.6430678466076697,0.28866346647209934,72,20140,637,425
78,34.67560346590148,Asteroids-v0/Atlantis-v0/Bowling-v0/Centipede-v0,0.0,0.650131926121372,0.27644706826627885,68,20181,649,436
79,35.127172906465,Asteroids-v0/BankHeist-v0/Bowling-v0/Centipede-v0,0.0,0.5,0.12779843589029957,236,19863,644,438
80,35.66627160648505,Asteroids-v0/BankHeist-v0/Bowling-v0/Boxing-v0,0.0,0.5384615384615384,0.15396944506533566,236,19863,645,429
81,36.0964757194784,Alien-v0/Asteroids-v0/BankHeist-v0/Boxing-v0,0.0,0.4285714285714286,0.16805315749885552,236,19863,652,435
82,36.83661254485448,Alien-v0/BankHeist-v0/BattleZone-v0/Boxing-v0,0.0,0.4128440366972477,0.17238220949181063,343,20801,641,436
83,37.47832894153065,Alien-v0/BattleZone-v0/Boxing-v0/Centipede-v0,0.0,0.4532019704433498,0.26145769519081424,248,21786,630,431
84,38.097824865910745,Alien-v0/Atlantis-v0/BattleZone-v0/Centipede-v0,0.0,0.4532019704433498,0.27574884169679387,343,20801,636,434
85,38.72842745231257,Atlantis-v0/BattleZone-v0/Boxing-v0/Centipede-v0,0.0,0.6880733944954128,0.32638582659871573,343,20801,636,426
86,39.15786162846618,Asteroids-v0/Atlantis-v0/Boxing-v0/Centipede-v0,0.0,0.6524663677130045,0.32725265334824855,237,22434,652,429
87,39.85005090249909,Asteroids-v0/Atlantis-v0/BattleZone-v0/Boxing-v0,0.0,0.7000572409845449,0.2932081566411456,231,20458,669,445
88,40.522936927543746,Asteroids-v0/BattleZone-v0/Boxing-v0/Centipede-v0,0.0,0.6407144384010641,0.2844935161940557,231,20458,655,431
89,41.074152084589,Alien-v0/Asteroids-v0/BattleZone-v0/Centipede-v0,0.0,0.5640410470806214,0.28656536611220024,231,20458,666,434
90,41.66369257662031,Alien-v0/Atlantis-v0/BattleZone-v0/Centipede-v0,0.0,0.6351133070454654,0.3078825053784647,68,22769,674,447
91,42.17605820410781,Alien-v0/Atlantis-v0/Bowling-v0/Centipede-v0,0.0,0.7831715210355987,0.3458206289638593,303,21538,663,435
92,42.692504096892144,Alien-v0/Atlantis-v0/Bowling-v0/Boxing-v0,0.0,0.7766990291262136,0.4635654086055393,66,24196,664,431
93,43.46280912074778,Atlantis-v0/BattleZone-v0/Bowling-v0/Boxing-v0,0.0,0.7744807121661721,0.3449356578576862,67,23086,675,434
94,44.20605638550388,BattleZone-v0/Bowling-v0/Boxing-v0/Centipede-v0,0.0,0.7413868900252203,0.32222249088315486,243,23095,666,435
95,44.88274452077018,BankHeist-v0/BattleZone-v0/Boxing-v0/Centipede-v0,0.0,0.5499999999999999,0.14702720579164377,243,23095,672,429
96,45.542668763862714,Atlantis-v0/BankHeist-v0/BattleZone-v0/Centipede-v0,0.0,0.5499999999999999,0.17691773166049274,243,23095,689,431
97,46.0297401562002,Atlantis-v0/BankHeist-v0/Boxing-v0/Centipede-v0,0.0,0.6380989842430412,0.2066167102047603,70,24794,688,443
98,46.5144547098875,Asteroids-v0/Atlantis-v0/BankHeist-v0/Boxing-v0,0.0,0.6910569105691057,0.2133935792132752,70,24794,684,433
99,46.95900283018748,Alien-v0/Asteroids-v0/Atlantis-v0/Boxing-v0,0.0,0.6413043478260869,0.32243151332525694,184,26048,680,443
100,47.389069965084396,Alien-v0/Asteroids-v0/Boxing-v0/Centipede-v0,0.0,0.664726593375009,0.314373592255987,240,26100,679,427
101,47.95260812428263,Alien-v0/Asteroids-v0/Atlantis-v0/Centipede-v0,0.0,0.5844625112917795,0.2888554909899346,184,26048,683,439
102,48.393648708727625,Alien-v0/Atlantis-v0/Boxing-v0/Centipede-v0,0.0,0.7053571428571428,0.3727725553945767,244,22710,670,429
103,48.94616119815244,Atlantis-v0/Bowling-v0/Boxing-v0/Centipede-v0,0.0,0.7612935252818949,0.3459627523494698,244,22710,675,428
104,49.4269234106938,Alien-v0/Atlantis-v0/Bowling-v0/Boxing-v0,0.0,0.7643442622950819,0.46420806091896183,256,26476,677,443
105,49.9355602215396,Alien-v0/Bowling-v0/Boxing-v0/Centipede-v0,0.0,0.7566765578635015,0.3754650861535694,67,27402,669,433
106,50.42358102705744,Alien-v0/Atlantis-v0/Bowling-v0/Centipede-v0,0.0,0.6991150442477875,0.356567838097975,261,27207,669,438
107,51.157865306006535,Alien-v0/Atlantis-v0/BattleZone-v0/Centipede-v0,0.0,0.6814159292035399,0.30495845769147817,142,18436,663,427
108,51.763328508138656,Asteroids-v0/Atlantis-v0/BattleZone-v0/Centipede-v0,0.0,0.5046728971962616,0.20400974077868952,142,18436,669,436
109,52.465824648605455,Asteroids-v0/Atlantis-v0/BankHeist-v0/BattleZone-v0,0.0,0.5144092219020172,0.15073117551431528,282,28528,661,430
110,53.080954955683815,Asteroids-v0/BankHeist-v0/BattleZone-v0/Centipede-v0,0.0,0.46902654867256643,0.17581749734437024,309,27282,661,436
111,53.52042363723119,Asteroids-v0/Atlantis-v0/BankHeist-v0/Centipede-v0,0.0,0.5176895306859205,0.20022866470974432,309,27282,663,425
112,54.01273117813799,Atlantis-v0/BankHeist-v0/Boxing-v0/Centipede-v0,0.0,0.6624379481522339,0.23718256791942358,309,27282,680,434
113,54.48420445813073,Asteroids-v0/Atlantis-v0/Boxing-v0/Centipede-v0,0.0,0.6503033645890789,0.31592990633551493,245,28801,675,436
114,55.233331200480464,Asteroids-v0/Atlantis-v0/BattleZone-v0/Boxing-v0,0.0,0.7109081139172487,0.31790190187495454,245,28973,668,440
115,55.91280590368642,Asteroids-v0/BankHeist-v0/BattleZone-v0/Boxing-v0,0.0,0.5990049751243781,0.23690583865927842,240,30010,664,434
116,56.65007826434241,Asteroids-v0/BankHeist-v0/BattleZone-v0/Bowling-v0,0.0,0.5954274353876738,0.21382383493879167,240,30010,647,431
117,57.328692956964176,Atlantis-v0/BankHeist-v0/BattleZone-v0/Bowling-v0,0.0,0.6190476190476191,0.23581783238934037,301,30672,650,431
118,57.79584749592675,Asteroids-v0/Atlantis-v0/BankHeist-v0/Bowling-v0,0.0,0.6942465753424658,0.2629881744761744,301,30571,647,429
119,58.25606294711431,Asteroids-v0/Atlantis-v0/Bowling-v0/Centipede-v0,0.0,0.6219178082191781,0.28075445119187836,240,30010,651,419
120,58.74897281368573,Asteroids-v0/Atlantis-v0/Boxing-v0/Centipede-v0,0.0,0.6219178082191781,0.31259608647165116,240,30010,669,428
121,59.52182870474127,Asteroids-v0/BattleZone-v0/Boxing-v0/Centipede-v0,0.0,0.6454445664105379,0.2647851436661075,146,30115,675,443
122,60.29279287146198,BattleZone-v0/Bowling-v0/Boxing-v0/Centipede-v0,0.0,0.6666666666666666,0.2943345958362411,243,23095,671,430
123,60.97779476225376,Asteroids-v0/BattleZone-v0/Bowling-v0/Boxing-v0,0.0,0.7962962962962963,0.3363918394027758,318,31674,675,436
124,61.66257491350174,Asteroids-v0/BattleZone-v0/Bowling-v0/Centipede-v0,0.0,0.6944444444444444,0.30949424641474743,143,31845,662,429
125,62.153405431509015,Alien-v0/Asteroids-v0/Bowling-v0/Centipede-v0,0.0,0.7669616519174042,0.3530764589429604,245,31598,661,431
126,62.844418909152346,Alien-v0/Asteroids-v0/BattleZone-v0/Centipede-v0,0.0,0.653008803728638,0.3129444266515284,146,30115,665,423
127,63.5162402295404,Alien-v0/BankHeist-v0/BattleZone-v0/Centipede-v0,0.0,0.6206896551724138,0.21354904053977108,260,31230,668,429
128,64.24908860908614,Alien-v0/BankHeist-v0/BattleZone-v0/Bowling-v0,0.0,0.7241379310344828,0.24088940048070753,296,33297,677,423
129,64.95875869645013,BankHeist-v0/BattleZone-v0/Bowling-v0/Centipede-v0,0.0,0.5984272300469484,0.20582319203642518,293,32954,681,432
130,65.43347288085354,Alien-v0/BankHeist-v0/Bowling-v0/Centipede-v0,0.0,0.6666666666666667,0.25331693075289285,257,33642,679,433
131,65.95630802929401,Alien-v0/Bowling-v0/Boxing-v0/Centipede-v0,0.0,0.6216216216216216,0.271564248444939,290,30478,675,433
132,66.42003123356237,Alien-v0/Asteroids-v0/Boxing-v0/Centipede-v0,0.0,0.5921892041295027,0.3004785215625694,202,34189,680,424
133,66.95258599089252,Alien-v0/Asteroids-v0/Bowling-v0/Boxing-v0,0.0,0.7837837837837838,0.3502630656185424,246,34722,687,436
134,67.83553865333398,Asteroids-v0/BattleZone-v0/Bowling-v0/Boxing-v0,0.0,0.7297297297297297,0.2779606556939516,143,31845,683,440
135,68.53582040515211,Alien-v0/Asteroids-v0/BattleZone-v0/Bowling-v0,0.0,0.7104446742502585,0.31411041769124093,249,29137,671,428
136,69.22832918968466,Alien-v0/BankHeist-v0/BattleZone-v0/Bowling-v0,0.0,0.628099173553719,0.21262877622561088,143,31845,664,425
137,69.90283593508933,Alien-v0/BankHeist-v0/BattleZone-v0/Centipede-v0,0.0,0.6023538924576615,0.21889798543641523,249,35766,662,430
138,70.40801171183585,Alien-v0/BankHeist-v0/Bowling-v0/Centipede-v0,0.0,0.652892561983471,0.23734347042821047,309,35864,677,416
139,70.92914112402333,Asteroids-v0/BankHeist-v0/Bowling-v0/Centipede-v0,0.0,0.7039274924471299,0.22602181236816593,143,31845,692,447
140,71.76320629530483,Asteroids-v0/BattleZone-v0/Bowling-v0/Centipede-v0,0.0,0.6361381868368844,0.2843502560293431,242,33409,678,428
141,72.51749471267064,Asteroids-v0/BattleZone-v0/Bowling-v0/Boxing-v0,0.0,0.7386363636363638,0.31418302571620665,143,31845,684,434
142,73.27399880283409,Asteroids-v0/Atlantis-v0/BattleZone-v0/Boxing-v0,0.0,0.6878453038674033,0.3089162194476199,240,30010,684,434
143,73.93010079873933,Alien-v0/Atlantis-v0/BattleZone-v0/Boxing-v0,0.0,0.6140958983246678,0.31017806683799326,285,33051,673,432
144,74.4018163012796,Alien-v0/Asteroids-v0/Atlantis-v0/Boxing-v0,0.0,0.6932409012131716,0.35076469755539497,319,35791,664,423
145,74.90986629227797,Alien-v0/Asteroids-v0/Atlantis-v0/Bowling-v0,0.0,0.6932409012131716,0.3327763828291192,270,36705,682,420
146,75.39976818594667,Alien-v0/Asteroids-v0/BankHeist-v0/Bowling-v0,0.0,0.6822966507177033,0.2214122863624335,143,31845,696,434
147,75.96610283606583,Asteroids-v0/BankHeist-v0/Bowling-v0/Boxing-v0,0.0,0.790273556231003,0.23877707837633583,143,31845,702,435
148,76.50619437946213,Alien-v0/BankHeist-v0/Bowling-v0/Boxing-v0,0.0,0.7374631268436578,0.2566158168282058,239,34571,717,441
149,77.04794202771451,Alien-v0/BankHeist-v0/Boxing-v0/Centipede-v0,0.0,0.7183542744518354,0.2493448275683567,239,34571,714,430
150,77.61439314491219,Alien-v0/Bowling-v0/Boxing-v0/Centipede-v0,0.0,0.7009235034994745,0.34844624758284537,236,38578,705,439
151,78.3579283232159,Alien-v0/BankHeist-v0/Bowling-v0/Centipede-v0,0.0,0.6721311475409836,0.2174677806677771,422,39554,703,427
152,78.93247296565109,BankHeist-v0/Bowling-v0/Boxing-v0/Centipede-v0,0.0,0.6885242236580295,0.20807108394223717,297,39860,696,439
153,79.47661235716608,Alien-v0/BankHeist-v0/Bowling-v0/Boxing-v0,0.0,0.6880733944954128,0.2422653986942875,244,38613,690,426
154,80.3366089806954,Alien-v0/BankHeist-v0/BattleZone-v0/Boxing-v0,0.0,0.6428571428571429,0.2234500212282873,189,40068,679,427
155,81.00739689562056,Alien-v0/BattleZone-v0/Boxing-v0/Centipede-v0,0.0,0.64,0.3125731324775906,189,40068,687,425
156,81.69219019850095,Alien-v0/BankHeist-v0/BattleZone-v0/Centipede-v0,0.0,0.56,0.19090264938930943,297,39860,704,435
157,82.46492155174414,BankHeist-v0/BattleZone-v0/Bowling-v0/Centipede-v0,0.0,0.56,0.19723107279046276,244,38613,702,439
158,83.00885324160258,Asteroids-v0/BankHeist-v0/Bowling-v0/Centipede-v0,0.0,0.5714285714285715,0.20093550635250712,244,38613,684,425
159,83.60029356704818,Asteroids-v0/BankHeist-v0/Bowling-v0/Boxing-v0,0.0,0.6666666666666666,0.2367832148410529,252,37318,693,424
160,84.46280000838968,Asteroids-v0/BattleZone-v0/Bowling-v0/Boxing-v0,0.0,0.7168141592920354,0.3123863729894348,244,38613,697,429
161,85.19367104411126,Asteroids-v0/BattleZone-v0/Boxing-v0/Centipede-v0,0.0,0.6473684210526316,0.2918827702217862,382,42200,694,436
162,85.98079081727398,Atlantis-v0/BattleZone-v0/Boxing-v0/Centipede-v0,0.0,0.6795896817016142,0.32908876196343634,296,40603,686,430
163,86.6971828283204,Atlantis-v0/BattleZone-v0/Bowling-v0/Centipede-v0,0.0,0.6881667133590501,0.3389998033153173,346,39962,678,425
164,87.20450949072838,Asteroids-v0/Atlantis-v0/Bowling-v0/Centipede-v0,0.0,0.6631944444444444,0.32168503548574845,240,30010,687,423
165,87.76245070139566,Asteroids-v0/Atlantis-v0/Bowling-v0/Boxing-v0,0.0,0.7168141592920354,0.33979395132441126,244,42641,695,431
166,88.32798793567551,Alien-v0/Asteroids-v0/Bowling-v0/Boxing-v0,0.0,0.7659574468085106,0.39733995514517256,356,41231,691,427
167,88.84472622904512,Alien-v0/Asteroids-v0/Boxing-v0/Centipede-v0,0.0,0.7339366515837105,0.3493913950656015,255,42640,698,430
168,89.39934130178557,Alien-v0/BankHeist-v0/Boxing-v0/Centipede-v0,0.0,0.761904761904762,0.21808911460567657,382,42200,702,431
169,90.29211801389853,Alien-v0/BankHeist-v0/BattleZone-v0/Centipede-v0,0.0,0.6909090909090909,0.23327062139787932,384,44165,706,431
170,91.02279338128037,Asteroids-v0/BankHeist-v0/BattleZone-v0/Centipede-v0,0.0,0.6909090909090909,0.2398038196349472,382,42200,704,437
171,91.76324035214053,Alien-v0/Asteroids-v0/BankHeist-v0/BattleZone-v0,0.0,0.7439516129032259,0.2763692290511944,244,38613,697,431
172,92.52234276599354,Alien-v0/Asteroids-v0/BattleZone-v0/Bowling-v0,0.0,0.7035271687321258,0.3447487465922983,244,38613,707,431
173,93.10782112558682,Alien-v0/Asteroids-v0/Bowling-v0/Boxing-v0,0.0,0.75,0.3929467353616413,144,44737,704,438
174,93.67388816350037,Alien-v0/Bowling-v0/Boxing-v0/Centipede-v0,0.0,0.7515406648728409,0.40205938231941113,370,44379,708,425
