tpgGen,hoursElapsed,envs,fitMin,fitMax,fitAvg,champSize,champUid,totalTeams,totalRootTeams
1,0.2904194775554869,Alien-v0,0.0,1,0.14480728381315577,25,60112,1032,569
2,0.5258228082789315,Alien-v0/BattleZone-v0,0.0,0.24820143884892087,0.04284937603519991,24,164862,886,428
3,0.8613590570953157,Alien-v0/BattleZone-v0/Boxing-v0,0.0,0.24820143884892087,0.06712667249378063,21,145193,874,418
4,1.240549667543835,Alien-v0/Atlantis-v0/BattleZone-v0/Boxing-v0,0.0,0.13669064748201437,0.0015085100243228697,21,145193,883,432
5,1.8342323297924465,Atlantis-v0/BankHeist-v0/BattleZone-v0/Boxing-v0,0.0,0.06474820143884892,0.00031884842574188407,46,458,874,423
6,2.530690630806817,Atlantis-v0/BankHeist-v0/Bowling-v0/Boxing-v0,0.0,0.0254278728606357,6.011317461143191e-05,95,827,858,426
7,3.0815238035387464,Atlantis-v0/BankHeist-v0/Bowling-v0/Centipede-v0,0.0,0.0254278728606357,0.00012422739544426433,78,863,853,412
8,3.6385076675812402,BankHeist-v0/Bowling-v0/Boxing-v0/Centipede-v0,0.0,0.11764705882352941,0.0008803242605324205,80,183397,860,423
9,4.198312801851166,BattleZone-v0/Bowling-v0/Boxing-v0/Centipede-v0,0.0,0.2805755395683453,0.0150161387462459,59,1519,869,413
10,4.601255052553283,Atlantis-v0/BattleZone-v0/Boxing-v0/Centipede-v0,0.0,0.12949640287769784,0.0026829863915777373,36,975,883,429
11,5.140502971874343,Atlantis-v0/BankHeist-v0/BattleZone-v0/Boxing-v0,0.0,0.1437125748502994,0.0009447606380734181,19,1012,879,418
12,5.6023431505097285,Alien-v0/Atlantis-v0/BankHeist-v0/BattleZone-v0,0.0,0.06204379562043795,0.0013890515293535435,85,2069,890,426
13,5.9737787359952925,Alien-v0/Atlantis-v0/BankHeist-v0/Centipede-v0,0.0,0.20802919708029197,0.002323180700489268,150,2513,878,418
14,6.396853882537948,Alien-v0/BankHeist-v0/BattleZone-v0/Centipede-v0,0.0,0.17883211678832117,0.006005314248156297,167,2506,869,422
15,6.7292851140764025,Alien-v0/Atlantis-v0/BattleZone-v0/Centipede-v0,0.0,0.17883211678832117,0.00695257558888072,79,3050,868,409
16,7.3142422962851,Atlantis-v0/BattleZone-v0/Bowling-v0/Centipede-v0,0.0,0.1870503597122302,0.003600456628522827,79,3050,867,420
17,7.896507494515843,Atlantis-v0/BattleZone-v0/Bowling-v0/Boxing-v0,0.0,0.1870503597122302,0.008617068254083553,95,2765,865,416
18,8.389089041087363,Atlantis-v0/Bowling-v0/Boxing-v0/Centipede-v0,0.0,0.397728232412803,0.014098460102786033,79,3050,874,414
19,8.921823865705067,BattleZone-v0/Bowling-v0/Boxing-v0/Centipede-v0,0.0,0.5906163559196773,0.03752160646565626,69,3447,883,423
20,9.314341805643506,Atlantis-v0/BattleZone-v0/Boxing-v0/Centipede-v0,0.0,0.28017905783483604,0.023179497002216505,95,4031,891,421
21,9.697333143221007,Alien-v0/Atlantis-v0/BattleZone-v0/Centipede-v0,0.0,0.2462686567164179,0.03132181560468867,95,4031,888,429
22,10.077242603898048,Alien-v0/Asteroids-v0/Atlantis-v0/BattleZone-v0,0.0,0.23507462686567163,0.018850371677113488,93,4714,880,426
23,10.606180637743737,Alien-v0/Asteroids-v0/Atlantis-v0/Bowling-v0,0.0,0.2425373134328358,0.020043711311622657,79,3050,876,422
24,11.091182282235888,Alien-v0/Asteroids-v0/BattleZone-v0/Bowling-v0,0.0,0.2504220596510974,0.033515773732386976,93,5281,884,420
25,11.616918364034758,Asteroids-v0/BattleZone-v0/Bowling-v0/Boxing-v0,0.0,0.33999999999999997,0.039347866090388914,98,5561,887,423
26,12.11909703453382,BattleZone-v0/Bowling-v0/Boxing-v0/Centipede-v0,0.0,0.33333333333333337,0.06879357572684852,91,4930,888,422
27,12.554118332134353,Atlantis-v0/BattleZone-v0/Boxing-v0/Centipede-v0,0.0,0.38256569713459,0.04670188030437581,99,6096,887,426
28,12.908708549406793,Asteroids-v0/Atlantis-v0/Boxing-v0/Centipede-v0,0.0,0.3723702664796634,0.047180335975977,134,6181,874,423
29,13.257212899592188,Asteroids-v0/Atlantis-v0/BattleZone-v0/Centipede-v0,0.0,0.33333333333333337,0.03856369341327524,99,6096,872,411
30,13.770776997009913,Asteroids-v0/Atlantis-v0/BattleZone-v0/Bowling-v0,0.0,0.35614133482894,0.04281291366413397,128,6184,882,421
31,14.251716204219393,Alien-v0/Asteroids-v0/BattleZone-v0/Bowling-v0,0.0,0.3132686084142395,0.06313889301582551,90,6490,888,413
32,14.765212941765785,Alien-v0/BattleZone-v0/Bowling-v0/Boxing-v0,0.0,0.30593607305936077,0.10424441257304702,91,6789,898,425
33,15.222358232604133,Alien-v0/Bowling-v0/Boxing-v0/Centipede-v0,0.0,0.36529680365296807,0.11580880298044287,79,7353,896,424
34,15.579226856562826,Alien-v0/Asteroids-v0/Boxing-v0/Centipede-v0,0.0,0.3497757847533632,0.06954566324540536,16,6833,893,425
35,16.023423265020053,Asteroids-v0/BankHeist-v0/Boxing-v0/Centipede-v0,0.0,0.2813474734872115,0.014045587006168989,183,8026,892,422
36,16.455453070004783,Asteroids-v0/BankHeist-v0/BattleZone-v0/Centipede-v0,0.0,0.2505681818181818,0.020194012476098366,301,8145,882,417
37,16.849994407097498,Asteroids-v0/Atlantis-v0/BankHeist-v0/BattleZone-v0,0.0,0.2857142857142857,0.020147826557028955,183,8026,876,422
38,17.28399522152212,Atlantis-v0/BankHeist-v0/BattleZone-v0/Centipede-v0,0.0,0.3516483516483516,0.027026182636445496,233,8754,887,415
39,17.6649483136336,Alien-v0/Atlantis-v0/BattleZone-v0/Centipede-v0,0.0,0.43275862068965515,0.06889751104674219,277,8508,896,426
40,18.07219235473209,Alien-v0/Atlantis-v0/Boxing-v0/Centipede-v0,0.0,0.4936708860759494,0.12110596125302459,225,8282,885,424
41,18.504938731325996,Alien-v0/BattleZone-v0/Boxing-v0/Centipede-v0,0.0,0.4269944481648701,0.10177236161535942,146,8123,870,418
42,18.91922975189156,Alien-v0/Asteroids-v0/BattleZone-v0/Boxing-v0,0.0,0.3786407766990291,0.07195650957733597,123,9693,882,413
43,19.369682842095692,Asteroids-v0/Atlantis-v0/BattleZone-v0/Boxing-v0,0.0,0.4679334916864607,0.07159949496841103,89,9253,891,425
44,19.77308240711689,Asteroids-v0/Atlantis-v0/BattleZone-v0/Centipede-v0,0.0,0.29121725731895226,0.05025440395462744,225,8282,885,423
45,20.129894683029917,Asteroids-v0/Atlantis-v0/BankHeist-v0/Centipede-v0,0.0,0.26605033384694404,0.02078890864942564,84,8746,885,421
46,20.57208138015535,Atlantis-v0/BankHeist-v0/Boxing-v0/Centipede-v0,0.0,0.4285313053623126,0.03397245187959057,225,8282,881,418
47,20.966280202402007,Asteroids-v0/BankHeist-v0/Boxing-v0/Centipede-v0,0.0,0.32839665164198323,0.037309399657365815,224,10476,881,419
48,21.357575275301933,Asteroids-v0/Atlantis-v0/BankHeist-v0/Boxing-v0,0.0,0.2982153137593552,0.0389371501809527,88,9690,888,418
49,21.78699439353413,Asteroids-v0/Atlantis-v0/BattleZone-v0/Boxing-v0,0.0,0.5563218390804598,0.0711661203183487,119,8540,887,419
50,22.17627884646257,Asteroids-v0/Atlantis-v0/BattleZone-v0/Centipede-v0,0.0,0.31145833333333334,0.06931741420745242,119,8540,894,416
51,22.77750560833348,Atlantis-v0/BattleZone-v0/Boxing-v0/Centipede-v0,0.0,0.43902439024390244,0.1013265965384048,233,11056,895,424
52,23.2268133068747,Alien-v0/BattleZone-v0/Boxing-v0/Centipede-v0,0.0,0.45161290322580644,0.11366671146099033,184,11725,898,418
53,23.626690070496664,Alien-v0/Atlantis-v0/Boxing-v0/Centipede-v0,0.0,0.5403225806451614,0.16023974699895802,225,8282,896,421
54,24.23668562968572,Alien-v0/Atlantis-v0/Bowling-v0/Boxing-v0,0.0,0.620967741935484,0.15456357136278162,90,12043,902,425
55,24.720996277266078,Alien-v0/Asteroids-v0/Atlantis-v0/Bowling-v0,0.0,0.4361598440545809,0.09742575254927346,123,12581,904,425
56,25.262606758475304,Asteroids-v0/Atlantis-v0/BattleZone-v0/Bowling-v0,0.0,0.553763440860215,0.11108816857125188,93,12508,912,428
57,25.77115417573187,Alien-v0/Asteroids-v0/BattleZone-v0/Bowling-v0,0.0,0.5707070707070707,0.14019526741640087,108,13164,907,426
58,26.27193199555079,Alien-v0/Asteroids-v0/BankHeist-v0/BattleZone-v0,0.0,0.25116279069767444,0.031333983197037014,108,13164,905,419
59,26.764716010954643,Alien-v0/BankHeist-v0/BattleZone-v0/Centipede-v0,0.0,0.33333333333333337,0.05392963411932084,170,9191,914,429
60,27.319120058880912,Alien-v0/BankHeist-v0/Bowling-v0/Centipede-v0,0.0,0.3674418604651163,0.06285721374558383,180,14136,913,429
61,27.81470516708162,Asteroids-v0/BankHeist-v0/Bowling-v0/Centipede-v0,0.0,0.2978723404255319,0.05599231942084666,355,14316,892,423
62,28.289756007525657,Asteroids-v0/BattleZone-v0/Bowling-v0/Centipede-v0,0.0,0.3893348623853211,0.10647639582471526,223,14640,887,420
63,28.725912433531548,Alien-v0/Asteroids-v0/BattleZone-v0/Bowling-v0,0.0,0.38666666666666666,0.12039726629863182,220,14640,878,419
64,29.185669653548135,Alien-v0/Asteroids-v0/BankHeist-v0/BattleZone-v0,0.0,0.25531914893617025,0.05468560297693087,226,14975,882,415
65,29.696947994761995,Alien-v0/BankHeist-v0/BattleZone-v0/Bowling-v0,0.0,0.2995391705069124,0.06309192775233305,180,14356,888,426
66,30.261139256093237,Alien-v0/BankHeist-v0/Bowling-v0/Boxing-v0,0.0,0.33640552995391704,0.08591736364471328,180,14356,892,421
67,30.898177508181995,BankHeist-v0/BattleZone-v0/Bowling-v0/Boxing-v0,0.0,0.7481108312342569,0.08608528154334771,99,15867,901,429
68,31.45983241505093,BattleZone-v0/Bowling-v0/Boxing-v0/Centipede-v0,0.0,0.649874055415617,0.1579997114338105,188,15400,898,424
69,31.91605320023166,Alien-v0/BattleZone-v0/Boxing-v0/Centipede-v0,0.0,0.5689655172413793,0.18630274414060463,188,15400,894,425
70,32.32334813740518,Alien-v0/Asteroids-v0/BattleZone-v0/Centipede-v0,0.0,0.44155844155844154,0.11167458868932899,294,16551,891,420
71,32.75250364641349,Alien-v0/Asteroids-v0/Bowling-v0/Centipede-v0,0.0,0.5479651162790697,0.1462297995699202,268,16509,897,420
72,33.216169543332526,Alien-v0/Asteroids-v0/Bowling-v0/Boxing-v0,0.0,0.6379310344827586,0.17375621470955582,92,15785,894,420
73,33.78803947905699,Asteroids-v0/BattleZone-v0/Bowling-v0/Boxing-v0,0.0,0.638095238095238,0.14935496758782457,280,15410,895,429
74,34.3453725325399,BattleZone-v0/Bowling-v0/Boxing-v0/Centipede-v0,0.0,0.5874999999999999,0.11277502669242706,310,17003,881,418
75,34.828930993146365,Atlantis-v0/BattleZone-v0/Boxing-v0/Centipede-v0,0.0,0.5399214659685864,0.1477041417209706,310,17003,878,418
76,35.345126884645886,Atlantis-v0/BattleZone-v0/Bowling-v0/Centipede-v0,0.0,0.4873384364412097,0.13369482790489934,310,17003,879,416
77,35.80508765147792,Atlantis-v0/Bowling-v0/Boxing-v0/Centipede-v0,0.0,0.6578947368421052,0.20968456085579523,208,15580,881,419
78,36.36584609568119,Atlantis-v0/BattleZone-v0/Bowling-v0/Boxing-v0,0.0,0.6202531645569621,0.17545992178485392,310,17003,879,414
79,37.02033652166526,BankHeist-v0/BattleZone-v0/Bowling-v0/Boxing-v0,0.0,0.6341463414634146,0.04291505781710615,280,17167,878,423
80,37.5420216669639,Asteroids-v0/BankHeist-v0/BattleZone-v0/Boxing-v0,0.0,0.380952380952381,0.060096762510739705,92,16880,869,416
81,38.01421626607577,Asteroids-v0/BankHeist-v0/BattleZone-v0/Centipede-v0,0.0,0.30952380952380953,0.061963218554808054,310,17003,863,414
82,38.42235344820553,Asteroids-v0/Atlantis-v0/BankHeist-v0/Centipede-v0,0.0,0.3333333333333333,0.07782586666867536,339,19513,882,413
83,38.86818815893597,Asteroids-v0/Atlantis-v0/BattleZone-v0/Centipede-v0,0.0,0.356888662938485,0.10836063704355299,310,17003,891,424
84,39.439774789280364,Atlantis-v0/BattleZone-v0/Bowling-v0/Centipede-v0,0.0,0.5447556287753981,0.14207613874014272,285,18787,890,418
85,40.04560870415634,Atlantis-v0/BattleZone-v0/Bowling-v0/Boxing-v0,0.0,0.5804503020318507,0.19779070235824722,281,19991,906,422
86,40.610541929271484,Asteroids-v0/BattleZone-v0/Bowling-v0/Boxing-v0,0.0,0.6004842615012107,0.1299657051532647,92,16880,901,427
87,41.137999715010324,Asteroids-v0/BankHeist-v0/Bowling-v0/Boxing-v0,0.0,0.3504326328800989,0.05075426205033695,280,17167,893,421
88,41.57440714571211,Alien-v0/Asteroids-v0/BankHeist-v0/Boxing-v0,0.0,0.3906056860321384,0.08890165573867316,243,20713,887,422
89,42.00118861655394,Alien-v0/Asteroids-v0/BankHeist-v0/Centipede-v0,0.0,0.3191489361702128,0.0836378199813591,374,20345,891,424
90,42.506731541024315,Alien-v0/BankHeist-v0/BattleZone-v0/Centipede-v0,0.0,0.5531914893617021,0.09473967835897774,186,19039,891,424
91,42.97933621856902,Alien-v0/Atlantis-v0/BattleZone-v0/Centipede-v0,0.0,0.5767441860465116,0.15391809489944194,92,21153,885,416
92,43.45231997681989,Asteroids-v0/Atlantis-v0/BattleZone-v0/Centipede-v0,0.0,0.4704610951008645,0.12030179645043894,281,18285,887,422
93,43.98681322687202,Asteroids-v0/Atlantis-v0/BattleZone-v0/Boxing-v0,0.0,0.6,0.15743166391948893,341,21670,893,413
94,44.510915674765904,Asteroids-v0/Atlantis-v0/Bowling-v0/Boxing-v0,0.0,0.6499999999999999,0.17561206940927812,96,22380,898,423
95,45.076134539710154,Asteroids-v0/BattleZone-v0/Bowling-v0/Boxing-v0,0.0,0.6813186813186813,0.16732853762717967,92,16880,891,424
96,45.691202202306854,BankHeist-v0/BattleZone-v0/Bowling-v0/Boxing-v0,0.0,0.544529262086514,0.07013549268782666,280,22319,895,420
97,46.26640500115024,BankHeist-v0/BattleZone-v0/Bowling-v0/Centipede-v0,0.0,0.4238814016172507,0.0774358117174828,338,22447,893,421
98,46.80122511174944,BankHeist-v0/BattleZone-v0/Boxing-v0/Centipede-v0,0.0,0.49447773627495767,0.08730585173755341,290,23004,890,422
99,47.22628143495984,Alien-v0/BankHeist-v0/Boxing-v0/Centipede-v0,0.0,0.5800000000000001,0.11108455801366104,288,23553,891,419
100,47.58830287396908,Alien-v0/Asteroids-v0/Boxing-v0/Centipede-v0,0.0,0.5231788079470199,0.13976277708209278,349,20327,889,417
101,48.253067957295315,Alien-v0/Asteroids-v0/BattleZone-v0/Boxing-v0,0.0,0.4262500000000001,0.11219311823422912,301,23590,897,423
102,48.83753728740745,Alien-v0/Asteroids-v0/BattleZone-v0/Bowling-v0,0.0,0.4262500000000001,0.11398810699774149,98,23879,904,425
103,49.41677657551236,Asteroids-v0/BattleZone-v0/Bowling-v0/Centipede-v0,0.0,0.545,0.10390467719966939,362,22834,904,426
104,50.0249476751354,BattleZone-v0/Bowling-v0/Boxing-v0/Centipede-v0,0.0,0.7028301886792452,0.17248576484171796,302,24759,895,428
105,50.53779876622889,Atlantis-v0/Bowling-v0/Boxing-v0/Centipede-v0,0.0,0.7075471698113207,0.2129984729386218,286,23932,884,416
106,50.9551232631339,Alien-v0/Atlantis-v0/Boxing-v0/Centipede-v0,0.0,0.675317236517448,0.25201623911528015,339,23777,893,414
107,51.465584742824234,Alien-v0/Atlantis-v0/Bowling-v0/Boxing-v0,0.0,0.5319148936170213,0.21210077312693382,338,24355,907,420
108,51.948561567001875,Alien-v0/Atlantis-v0/Bowling-v0/Centipede-v0,0.0,0.4,0.1376849383519017,185,25530,902,433
109,52.544539968967435,Alien-v0/BattleZone-v0/Bowling-v0/Centipede-v0,0.0,0.4,0.1345602525679679,303,25000,890,413
110,53.071586796177755,Asteroids-v0/BattleZone-v0/Bowling-v0/Centipede-v0,0.0,0.4673913043478261,0.09563160741132466,302,24951,905,418
111,53.591853355765345,Asteroids-v0/BattleZone-v0/Boxing-v0/Centipede-v0,0.0,0.45744680851063835,0.13542513698153574,336,26422,900,423
112,54.07790018194252,Alien-v0/Asteroids-v0/BattleZone-v0/Boxing-v0,0.0,0.48333333333333334,0.14811743984592163,307,25839,898,419
113,54.597557685441444,Alien-v0/Asteroids-v0/Bowling-v0/Boxing-v0,0.0,0.525,0.16778527467283924,285,26179,899,421
114,55.15228902624713,Alien-v0/BankHeist-v0/Bowling-v0/Boxing-v0,0.0,0.6166666666666667,0.09960548935270806,283,25911,905,421
115,55.64360676262114,Alien-v0/BankHeist-v0/Bowling-v0/Centipede-v0,0.0,0.4694191469101741,0.1008407185827076,269,16931,900,426
116,56.28856210158931,BankHeist-v0/BattleZone-v0/Bowling-v0/Centipede-v0,0.0,0.4350433681393515,0.08483327172401935,302,24951,896,416
117,56.800442764229246,Asteroids-v0/BankHeist-v0/BattleZone-v0/Centipede-v0,0.0,0.41463414634146345,0.08775018571381107,302,28044,902,426
118,57.25009670966201,Alien-v0/Asteroids-v0/BattleZone-v0/Centipede-v0,0.0,0.5360230547550433,0.13802090339322995,303,25000,900,423
119,57.76258522623115,Alien-v0/Asteroids-v0/BattleZone-v0/Bowling-v0,0.0,0.3373493975903614,0.12335113963423308,313,28365,896,422
120,58.23310441997316,Alien-v0/Asteroids-v0/Bowling-v0/Boxing-v0,0.0,0.33333333333333337,0.16468553968458288,285,26179,896,420
121,58.705718171861434,Alien-v0/Bowling-v0/Boxing-v0/Centipede-v0,0.0,0.3453815261044177,0.1665217749253262,98,26205,903,424
122,59.30844729979833,BattleZone-v0/Bowling-v0/Boxing-v0/Centipede-v0,0.0,0.5949367088607594,0.17749124783901335,281,28037,895,425
123,59.85568477233251,Atlantis-v0/BattleZone-v0/Boxing-v0/Centipede-v0,0.0,0.6232630823161719,0.17524934566826178,336,28369,898,417
124,60.3452523020241,Alien-v0/Atlantis-v0/BattleZone-v0/Centipede-v0,0.0,0.5051605504587156,0.18455051396547198,284,29230,901,425
125,60.881253454486526,Alien-v0/Atlantis-v0/BankHeist-v0/BattleZone-v0,0.0,0.41379310344827586,0.07678457953845642,376,29523,896,416
126,61.308440658648806,Alien-v0/Atlantis-v0/BankHeist-v0/Centipede-v0,0.0,0.43452380952380953,0.13062788515869012,185,30052,904,418
127,61.82108665717973,Alien-v0/BankHeist-v0/BattleZone-v0/Centipede-v0,0.0,0.34090909090909094,0.0845250116916734,322,30476,904,424
128,62.38049470755789,BankHeist-v0/BattleZone-v0/Bowling-v0/Centipede-v0,0.0,0.38636363636363635,0.09095550453181869,286,30692,903,416
129,62.88408860590723,Alien-v0/BattleZone-v0/Bowling-v0/Centipede-v0,0.0,0.5041322314049587,0.1586064401583441,303,25000,920,428
130,63.419759609566796,Alien-v0/Asteroids-v0/BattleZone-v0/Bowling-v0,0.0,0.4868085106382979,0.14381908931024334,285,29438,902,435
131,63.88519216100375,Alien-v0/Asteroids-v0/BankHeist-v0/Bowling-v0,0.0,0.45833333333333337,0.14310926405554175,322,31409,886,417
132,64.34376113567087,Alien-v0/Asteroids-v0/BankHeist-v0/BattleZone-v0,0.0,0.3564814814814815,0.11810509469020584,285,29438,885,420
133,64.84141320466995,Asteroids-v0/BankHeist-v0/BattleZone-v0/Centipede-v0,0.0,0.42499999999999993,0.1359386810648038,285,29438,877,409
134,65.27994834125042,Alien-v0/BankHeist-v0/BattleZone-v0/Centipede-v0,0.0,0.3564814814814815,0.11604055822662342,184,32094,884,407
135,65.70686643779278,Alien-v0/Asteroids-v0/BattleZone-v0/Centipede-v0,0.0,0.3564814814814815,0.1484900604635601,285,29438,904,418
136,66.16740794320901,Alien-v0/Asteroids-v0/Bowling-v0/Centipede-v0,0.0,0.3657407407407407,0.1772619517518115,283,32199,910,419
137,66.66161413252354,Alien-v0/Asteroids-v0/Bowling-v0/Boxing-v0,0.0,0.40817650876054506,0.19232876998604104,283,32199,898,426
138,67.16351679126421,Asteroids-v0/Atlantis-v0/Bowling-v0/Boxing-v0,0.0,0.6703011422637591,0.262231085340177,283,33009,907,416
139,67.73322340905666,Atlantis-v0/Bowling-v0/Boxing-v0/Centipede-v0,0.0,0.6470588235294117,0.2719213204992773,287,33331,916,424
140,68.14183485408624,Asteroids-v0/Atlantis-v0/Boxing-v0/Centipede-v0,0.0,0.642263759086189,0.2860916136694553,283,33009,923,431
141,68.65133211632569,Asteroids-v0/Atlantis-v0/BattleZone-v0/Centipede-v0,0.0,0.45918367346938777,0.11559984423954181,287,33942,910,430
142,69.21067875776026,Asteroids-v0/BattleZone-v0/Bowling-v0/Centipede-v0,0.0,0.5,0.13475093957703613,283,32199,895,414
143,69.80078624063069,Asteroids-v0/BankHeist-v0/BattleZone-v0/Bowling-v0,0.0,0.46465222348916757,0.11626856335083462,287,33793,904,417
144,70.4071751443545,Atlantis-v0/BankHeist-v0/BattleZone-v0/Bowling-v0,0.0,0.46875,0.1292169242432699,287,33793,907,419
145,70.88728832920393,Atlantis-v0/BankHeist-v0/Bowling-v0/Centipede-v0,0.0,0.5160955347871236,0.14405327444286856,289,34536,908,423
146,71.38184272408485,Atlantis-v0/BankHeist-v0/Boxing-v0/Centipede-v0,0.0,0.423728813559322,0.11470236212486944,284,35262,905,429
147,71.82858039776484,Alien-v0/Atlantis-v0/Boxing-v0/Centipede-v0,0.0,0.6266874350986501,0.284927734832638,358,26389,891,415
148,72.36802721083164,Alien-v0/BattleZone-v0/Boxing-v0/Centipede-v0,0.0,0.5963302752293578,0.19192133388513016,285,35639,905,420
149,72.92236596683661,Alien-v0/Atlantis-v0/BattleZone-v0/Boxing-v0,0.0,0.5779816513761468,0.18254335430532523,287,33793,916,423
150,73.42326503150993,Alien-v0/Atlantis-v0/BattleZone-v0/Centipede-v0,0.0,0.3163265306122449,0.12874264686110926,384,35807,909,427
151,74.2056176507473,Atlantis-v0/BankHeist-v0/BattleZone-v0/Centipede-v0,0.0,0.40540540540540543,0.0825001693504692,287,33793,916,425
152,74.63729389839702,Alien-v0/Atlantis-v0/BankHeist-v0/Centipede-v0,0.0,0.5700000000000001,0.14071997060832758,291,36802,915,427
153,75.1520254563623,Alien-v0/BankHeist-v0/Bowling-v0/Centipede-v0,0.0,0.4575163398692811,0.14790248897804376,189,36145,908,424
154,75.73108966483011,Alien-v0/BankHeist-v0/BattleZone-v0/Bowling-v0,0.0,0.42483660130718953,0.11769401156689091,287,33793,912,422
155,76.30711625582641,Alien-v0/BattleZone-v0/Bowling-v0/Boxing-v0,0.0,0.5032679738562091,0.20199058136958473,287,33793,913,425
156,76.86714495480061,Asteroids-v0/BattleZone-v0/Bowling-v0/Boxing-v0,0.0,0.542654028436019,0.1653632264912286,287,33793,902,416
157,77.40548832317194,Asteroids-v0/BankHeist-v0/BattleZone-v0/Boxing-v0,0.0,0.3877551020408163,0.10943520622006209,294,37678,903,417
158,77.82885199063354,Asteroids-v0/BankHeist-v0/Boxing-v0/Centipede-v0,0.0,0.45915317856886706,0.1352913385291383,294,37678,909,414
159,78.29692852344778,Asteroids-v0/BankHeist-v0/BattleZone-v0/Centipede-v0,0.0,0.4301929625425653,0.10295187171971378,306,38207,914,428
160,78.84206563300556,Atlantis-v0/BankHeist-v0/BattleZone-v0/Centipede-v0,0.0,0.5445544554455446,0.1151918307540519,307,38169,906,421
161,79.3430299478107,Alien-v0/Atlantis-v0/BattleZone-v0/Centipede-v0,0.0,0.5036496350364963,0.18874575942595068,377,38564,905,421
162,79.85523118860192,Alien-v0/Atlantis-v0/BankHeist-v0/BattleZone-v0,0.0,0.4554455445544555,0.1136568452785476,393,38435,906,420
163,80.36788423067993,Alien-v0/Atlantis-v0/BankHeist-v0/Boxing-v0,0.0,0.6900647948164147,0.161625549725063,393,38435,905,426
164,80.85692050463624,Alien-v0/Asteroids-v0/BankHeist-v0/Boxing-v0,0.0,0.49650349650349646,0.14534530974430568,393,38435,900,421
165,81.44319824768438,Asteroids-v0/BankHeist-v0/Bowling-v0/Boxing-v0,0.0,0.6968085106382979,0.1510242598726606,322,39176,895,413
166,81.94628142701255,Asteroids-v0/Atlantis-v0/Bowling-v0/Boxing-v0,0.0,0.6966292134831461,0.2507854098579547,369,38032,915,420
167,82.54135834925705,Asteroids-v0/Atlantis-v0/BattleZone-v0/Bowling-v0,0.0,0.6329113924050633,0.14346008349315692,306,40178,929,424
168,83.12938692410786,Atlantis-v0/BattleZone-v0/Bowling-v0/Boxing-v0,0.0,0.6789215686274509,0.2012262855790274,350,40371,922,429
169,83.75009990029865,Atlantis-v0/BankHeist-v0/BattleZone-v0/Boxing-v0,0.0,0.5062082139446037,0.109893820790835,306,40178,898,414
170,84.35640412343874,BankHeist-v0/BattleZone-v0/Bowling-v0/Boxing-v0,0.0,0.635,0.13141247293488423,220,40713,898,413
171,84.90286553263664,BankHeist-v0/Bowling-v0/Boxing-v0/Centipede-v0,0.0,0.6964705882352942,0.16883613010951584,337,40682,907,411
172,85.39275689164798,Asteroids-v0/BankHeist-v0/Bowling-v0/Centipede-v0,0.0,0.5939518195797028,0.13812149655940933,337,40682,913,417
173,85.89316272960768,Asteroids-v0/Bowling-v0/Boxing-v0/Centipede-v0,0.0,0.6621712744436953,0.24592557983931354,329,40322,915,414
174,86.3229755898979,Alien-v0/Asteroids-v0/Boxing-v0/Centipede-v0,0.0,0.6170212765957448,0.2523336825290096,400,39804,938,416
175,86.80118912763066,Alien-v0/Asteroids-v0/Atlantis-v0/Boxing-v0,0.0,0.6,0.26030625530088447,337,41431,943,429
176,87.36293406248093,Alien-v0/Atlantis-v0/Bowling-v0/Boxing-v0,0.0,0.5930851063829787,0.2486536399635805,284,42546,944,426
177,87.8544592199723,Alien-v0/Atlantis-v0/Bowling-v0/Centipede-v0,0.0,0.5310344827586208,0.2326512916731451,294,42508,933,428
178,88.33362580080826,Atlantis-v0/Bowling-v0/Boxing-v0/Centipede-v0,0.0,0.7142857142857143,0.2942068822284049,324,42916,926,416
179,88.91286798947387,BattleZone-v0/Bowling-v0/Boxing-v0/Centipede-v0,0.0,0.6075949367088608,0.16496295042080028,365,43330,928,423
180,89.43887696564198,Atlantis-v0/BattleZone-v0/Boxing-v0/Centipede-v0,0.0,0.566350710900474,0.2069682027384722,347,43340,926,422
181,90.07911435345808,Atlantis-v0/BankHeist-v0/BattleZone-v0/Boxing-v0,0.0,0.5,0.09392786134265507,333,43828,919,419
182,90.63378294295735,Asteroids-v0/Atlantis-v0/BankHeist-v0/BattleZone-v0,0.0,0.5575014594279043,0.10540171637488911,333,43828,920,416
183,91.16885006361538,Asteroids-v0/Atlantis-v0/BankHeist-v0/Bowling-v0,0.0,0.5712074303405573,0.1438704310464774,333,43828,928,415
184,91.71557496971555,Asteroids-v0/BankHeist-v0/Bowling-v0/Boxing-v0,0.0,0.6078431372549019,0.18041806515877704,283,42512,931,427
185,92.33802685750855,Asteroids-v0/BattleZone-v0/Bowling-v0/Boxing-v0,0.0,0.5111111111111111,0.17439626377367143,285,44995,925,417
186,92.92380494481988,Alien-v0/BattleZone-v0/Bowling-v0/Boxing-v0,0.0,0.6953316953316954,0.2437118786979838,213,44037,924,420
187,93.53892557005088,Alien-v0/BankHeist-v0/BattleZone-v0/Boxing-v0,0.0,0.597051597051597,0.2008827160383416,336,45291,923,418
