tpgGen,hoursElapsed,envName,tpgMin,tpgMax,tpgAvg,eliteSize,eliteUid
0,0.08195697089036305,Boxing-v0,-100.0,-1.6666666666666667,-48.24083333333335,6,357
1,0.1536291593975491,Boxing-v0,-100.0,1.6666666666666667,-36.35577722360766,16,784
1,0.17788162999682955,Atlantis-v0,1500.0,28833.333333333332,1754.0315876974228,15,459
2,0.24890602820449406,Boxing-v0,-100.0,4.666666666666667,-33.38084632516703,5,910
2,0.2725281352467007,Atlantis-v0,1500.0,28833.333333333332,2085.671863400149,15,459
2,0.3070820768011941,Asteroids-v0,100.0,2876.6666666666665,219.22791388270232,6,610
3,0.3655944088432524,Boxing-v0,-100.0,10.0,-33.80593607305935,10,1134
3,0.3839143732521269,Atlantis-v0,1500.0,36000.0,2617.732115677321,16,1240
3,0.4064611665407817,Asteroids-v0,100.0,2876.6666666666665,238.7062404870625,6,610
3,0.5712007309330834,BankHeist-v0,0.0,13.333333333333334,0.33485540334855407,6,921
4,0.5986654422018263,Atlantis-v0,1500.0,39266.666666666664,2904.3577981651374,6,1506
4,0.621100388566653,Asteroids-v0,90.0,2876.6666666666665,292.69877675840974,6,610
4,0.7275138198004829,BankHeist-v0,0.0,23.333333333333332,0.581039755351682,21,1452
4,0.7717477243476444,Centipede-v0,155.0,11740.0,2414.842507645261,6,1557
5,0.7992071441809336,Asteroids-v0,90.0,2876.6666666666665,303.5970695970698,6,610
5,0.8948693921830919,BankHeist-v0,0.0,23.333333333333332,0.8864468864468866,21,1452
5,0.9270288548204634,Centipede-v0,155.0,15906.0,3001.641025641026,5,1886
5,1.0568764673338995,BattleZone-v0,0.0,12666.666666666666,2340.6593406593406,11,1689
6,1.1538533963097466,BankHeist-v0,0.0,26.666666666666668,1.432813659985152,11,1969
6,1.1858113678296407,Centipede-v0,155.0,15906.0,3219.295471417968,5,1886
6,1.266621534758144,BattleZone-v0,0.0,17000.0,2980.6978470675563,10,2156
6,1.3354323406351938,Boxing-v0,-100.0,10.0,-35.917594654788424,10,1134
7,1.3730301832490497,Centipede-v0,155.0,15906.0,3296.327981651377,5,1886
7,1.4420412058962715,BattleZone-v0,0.0,17000.0,3231.65137614679,10,2156
7,1.5006698092487123,Boxing-v0,-100.0,10.0,-34.325688073394495,10,1134
7,1.5231054666307238,Atlantis-v0,1500.0,28833.333333333332,2286.4678899082573,15,459
8,1.5996140633026759,BattleZone-v0,0.0,17000.0,3061.6438356164367,10,2156
8,1.6508152369658153,Boxing-v0,-100.0,10.0,-32.27777777777778,10,1134
8,1.6688490676217609,Atlantis-v0,1500.0,28833.333333333332,2658.219178082192,15,459
8,1.6953424005375968,Asteroids-v0,90.0,2900.0,255.8447488584476,10,2695
9,1.7540003920263714,Boxing-v0,-100.0,10.0,-33.53746177370031,10,1134
9,1.7743503078487184,Atlantis-v0,1500.0,46733.333333333336,3296.636085626912,6,2755
9,1.7971751604477564,Asteroids-v0,100.0,2900.0,307.7140672782877,10,2695
9,1.9113903970850838,BankHeist-v0,0.0,23.333333333333332,1.1926605504587156,6,2407
10,1.9387377795908187,Atlantis-v0,1500.0,46733.333333333336,4053.7324464153758,6,2755
10,1.9622144336832894,Asteroids-v0,100.0,2900.0,361.2342941611233,10,2695
10,2.0470871035257976,BankHeist-v0,0.0,43.333333333333336,2.113821138211382,16,3048
10,2.2536904957559374,Bowling-v0,0.0,30.0,0.0827790096082779,6,825
11,2.282643977271186,Asteroids-v0,90.0,2900.0,425.47456340167037,10,2695
11,2.3671167661084067,BankHeist-v0,0.0,43.333333333333336,2.9309035687167797,16,3048
11,2.5082156151533126,Bowling-v0,0.0,30.0,0.2217160212604404,6,825
11,2.54695742017693,Centipede-v0,155.0,16418.0,2930.261958997722,6,3426
12,2.635291408565309,BankHeist-v0,0.0,76.66666666666667,2.972774098601911,20,3677
12,2.7660886173115835,Bowling-v0,0.0,32.333333333333336,0.562178072111847,6,3607
12,2.7983939236402513,Centipede-v0,155.0,16418.0,3297.397350993379,6,3426
12,2.8343638455205493,Alien-v0,0.0,330.0,66.93892568064754,10,2451
13,2.9641095548205905,Bowling-v0,0.0,37.333333333333336,1.2919540229885058,6,3825
13,2.9956540316343307,Centipede-v0,155.0,16418.0,3477.688888888888,6,3426
13,3.0189982037411798,Alien-v0,0.0,330.0,72.26819923371649,10,2451
13,3.085817970501052,Boxing-v0,-100.0,10.0,-34.91724137931032,10,1134
14,3.128764079478052,Centipede-v0,155.0,16418.0,3610.2721238938093,6,3426
14,3.1544403811295827,Alien-v0,0.0,493.3333333333333,84.41002949852506,21,4264
14,3.2163489917251797,Boxing-v0,-100.0,10.0,-34.686578171091455,10,1134
14,3.243735493487782,Atlantis-v0,1500.0,53033.333333333336,3251.991150442477,15,4053
15,3.2719954372114604,Alien-v0,0.0,493.3333333333333,96.47684130599848,21,4264
15,3.3227694567044574,Boxing-v0,-100.0,10.0,-36.002277904328004,10,1134
15,3.3432594427135256,Atlantis-v0,1500.0,53033.333333333336,4493.090356871679,15,4053
15,3.4337064774168864,BattleZone-v0,0.0,15000.0,2983.295368261198,10,2133
16,3.493284900519583,Boxing-v0,-100.0,10.0,-35.15745007680493,10,1134
16,3.5159730934434466,Atlantis-v0,1500.0,56733.333333333336,5667.972350230416,15,4663
16,3.574534576336543,BattleZone-v0,0.0,15000.0,3397.849462365591,10,2133
16,3.6051299285888674,Asteroids-v0,100.0,2140.0,303.778801843318,6,1121
17,3.6338900243573717,Atlantis-v0,1500.0,56733.333333333336,6264.674329501911,15,4663
17,3.6901588391595417,BattleZone-v0,0.0,15000.0,3650.574712643677,10,2133
17,3.713569568064478,Asteroids-v0,100.0,2140.0,362.88122605363986,6,1121
17,3.821362382968267,BankHeist-v0,0.0,40.0,2.475095785440614,10,2999
18,3.8914509461985696,BattleZone-v0,0.0,15000.0,3438.7905604719754,10,2133
18,3.9138582975996865,Asteroids-v0,100.0,2143.3333333333335,414.3436578171095,6,5331
18,3.997302577892939,BankHeist-v0,0.0,40.0,3.5766961651917404,10,2999
18,4.028487066427867,Alien-v0,0.0,500.0,109.25516224188793,19,5024
19,4.059725480940607,Asteroids-v0,100.0,2193.3333333333335,496.3273001508294,11,5613
19,4.122479561964671,BankHeist-v0,0.0,46.666666666666664,6.877828054298645,33,5563
19,4.1483272095521295,Alien-v0,0.0,536.6666666666666,121.30467571644041,10,5538
19,4.219823038710488,Boxing-v0,-100.0,10.0,-42.785822021116104,10,1134
20,4.280734625856081,BankHeist-v0,0.0,46.666666666666664,7.757153905645789,33,5563
20,4.305673491623667,Alien-v0,0.0,536.6666666666666,156.20262954369684,10,5538
20,4.364285154541333,Boxing-v0,-100.0,10.0,-45.76875483372003,10,1134
20,4.409356455140643,Centipede-v0,157.33333333333334,12968.0,2893.8538283062617,6,5918
21,4.439198710189926,Alien-v0,0.0,833.3333333333334,173.04119850187274,24,5990
21,4.4911364881197615,Boxing-v0,-100.0,10.0,-44.57977528089891,10,1134
21,4.523549439244801,Centipede-v0,156.0,13618.0,3374.5168539325823,6,5948
21,4.7355727583832214,Bowling-v0,0.0,58.333333333333336,0.33333333333333337,21,5546
22,4.795377401047283,Boxing-v0,-100.0,16.0,-42.664335664335646,28,6258
22,4.8275467053386905,Centipede-v0,150.0,13618.0,3506.2222222222226,6,5948
22,4.966608474519518,Bowling-v0,0.0,58.333333333333336,0.9867909867909869,21,5546
22,5.053157341943847,BattleZone-v0,0.0,14333.333333333334,3045.8430458430475,11,4885
23,5.091817290849156,Centipede-v0,158.33333333333334,15593.666666666666,3606.938636363637,21,6680
23,5.221528279847569,Bowling-v0,0.0,73.0,2.1166666666666667,16,6679
23,5.288933366470867,BattleZone-v0,0.0,14333.333333333334,3659.0909090909086,11,4885
23,5.317827116184764,Alien-v0,0.0,660.0,131.3484848484848,14,6653
24,5.441558357410961,Bowling-v0,0.0,73.0,3.473877851361295,16,6679
24,5.495209899147351,BattleZone-v0,0.0,14333.333333333334,4052.98013245033,11,4885
24,5.520230386985673,Alien-v0,0.0,660.0,140.7726269315673,14,6653
24,5.5517013642523025,Asteroids-v0,90.0,4463.333333333333,495.6364974245767,11,6934
25,5.623365245660146,BattleZone-v0,0.0,15666.666666666666,3614.5124716553278,16,7197
25,5.647324596246084,Alien-v0,0.0,986.6666666666666,141.53439153439152,11,6888
25,5.672251824008094,Asteroids-v0,90.0,4463.333333333333,597.5888133030991,11,6934
25,5.708195303347376,Centipede-v0,153.33333333333334,15578.666666666666,3140.208616780043,18,6479
26,5.738968914416101,Alien-v0,0.0,986.6666666666666,182.42566510172153,11,6888
26,5.76151033812099,Asteroids-v0,90.0,4463.333333333333,682.018779342723,11,6934
26,5.792681186861462,Centipede-v0,156.33333333333334,15578.666666666666,3611.1173708920182,18,6479
26,5.863011437058449,Boxing-v0,-100.0,5.666666666666667,-49.8607198748044,14,6820
27,5.891291371252802,Asteroids-v0,90.0,4463.333333333333,717.7777777777783,11,6934
27,5.922965758707789,Centipede-v0,156.33333333333334,15578.666666666666,3897.310956790123,18,6479
27,5.976113939616416,Boxing-v0,-100.0,7.333333333333333,-48.58410493827162,19,7688
27,6.151501442193985,Bowling-v0,0.0,58.333333333333336,1.533179012345679,21,5546
28,6.197439815070894,Centipede-v0,156.33333333333334,15578.666666666666,3978.10421286031,18,6479
28,6.262912867069244,Boxing-v0,-100.0,7.333333333333333,-41.694013303769445,19,7688
28,6.412587298485968,Bowling-v0,0.0,72.0,3.140428677014043,23,7974
28,6.446301423708598,Atlantis-v0,1500.0,53166.666666666664,3291.352549889135,42,7766
29,6.505794276131524,Boxing-v0,-100.0,8.0,-43.38525206922497,30,8244
29,6.6264040394624075,Bowling-v0,0.0,72.0,4.404815650865312,23,7974
29,6.651323735382822,Atlantis-v0,1500.0,53166.666666666664,5310.38374717833,42,7766
29,6.678703076706992,Asteroids-v0,90.0,4463.333333333333,620.0376222723849,11,6934
30,6.802954465415743,Bowling-v0,0.0,82.66666666666667,6.542986425339367,30,8373
30,6.828315107093917,Atlantis-v0,1500.0,62766.666666666664,6581.070889894418,26,8486
30,6.852619028753704,Asteroids-v0,90.0,4463.333333333333,663.6199095022632,11,6934
30,6.917911489274767,BattleZone-v0,0.0,14333.333333333334,3389.8944193061852,11,4885
31,6.9495231650273,Atlantis-v0,1500.0,62766.666666666664,8444.75524475524,26,8486
31,6.972452459335327,Asteroids-v0,90.0,4463.333333333333,688.4459984459985,11,6934
31,7.035817447768317,BattleZone-v0,0.0,14333.333333333334,3268.842268842269,11,4885
31,7.0976508413420785,Boxing-v0,-100.0,5.666666666666667,-46.031857031857,14,6820
32,7.129760128524568,Asteroids-v0,90.0,4463.333333333333,681.1188811188814,11,6934
32,7.188457141651048,BattleZone-v0,0.0,14333.333333333334,3287.490287490285,11,4885
32,7.242602355480194,Boxing-v0,-100.0,5.666666666666667,-43.70862470862469,14,6820
32,7.322816872795423,BankHeist-v0,0.0,83.33333333333333,6.270396270396276,10,9036
33,7.395112751656108,BattleZone-v0,0.0,14333.333333333334,3674.851190476191,11,4885
33,7.452608557542165,Boxing-v0,-100.0,7.333333333333333,-44.51264880952383,28,9354
33,7.506447745164236,BankHeist-v0,0.0,83.33333333333333,7.485119047619051,10,9036
33,7.539274123509725,Atlantis-v0,1500.0,53900.0,7838.020833333333,43,8147
34,7.598652398784956,Boxing-v0,-100.0,9.333333333333334,-39.28303303303303,49,9431
34,7.654788452188174,BankHeist-v0,0.0,83.33333333333333,8.573573573573576,10,9036
34,7.683511726856231,Atlantis-v0,1500.0,53900.0,11324.774774774782,43,8147
34,7.714536800119612,Asteroids-v0,100.0,3443.3333333333335,664.6621621621621,58,8685
35,7.769013833469815,BankHeist-v0,0.0,83.33333333333333,9.954022988505741,10,9036
35,7.7982336710558995,Atlantis-v0,1500.0,54466.666666666664,13537.394636015324,22,9771
35,7.8225084026654566,Asteroids-v0,90.0,3443.3333333333335,726.9885057471263,58,8685
35,7.86112111389637,Alien-v0,0.0,540.0,134.7892720306513,14,9761
36,7.899562387267749,Atlantis-v0,1500.0,54466.666666666664,15335.185185185182,22,9771
36,7.9261294052335955,Asteroids-v0,90.0,3443.3333333333335,825.2160493827162,58,8685
36,7.954397650559743,Alien-v0,0.0,540.0,160.65586419753078,14,9761
36,8.14485778854953,Bowling-v0,0.0,78.33333333333333,5.983024691358024,28,8829
37,8.178876293434037,Asteroids-v0,90.0,3896.6666666666665,793.425287356322,19,10212
37,8.206497928102811,Alien-v0,0.0,553.3333333333334,146.49808429118778,33,10283
37,8.320438030494584,Bowling-v0,0.0,78.33333333333333,11.726436781609193,24,8829
37,8.388010350399547,BattleZone-v0,0.0,13000.0,2746.360153256706,16,9016
38,8.419658921493424,Alien-v0,0.0,566.6666666666666,142.83570300157982,60,10510
38,8.516878710985184,Bowling-v0,0.0,78.33333333333333,16.980252764612953,24,8829
38,8.566732522911495,BattleZone-v0,0.0,13666.666666666666,3193.522906793047,20,10536
38,8.6444648443328,Boxing-v0,-100.0,8.0,-42.56556082148498,30,8244
39,8.751350757148531,Bowling-v0,0.0,88.33333333333333,18.71613394216134,17,10717
39,8.802498227689002,BattleZone-v0,0.0,13666.666666666666,3741.2480974124796,20,10536
39,8.863094530966547,Boxing-v0,-100.0,8.0,-40.11263318112632,30,8244
39,8.895057961079809,Asteroids-v0,90.0,3690.0,706.8112633181124,33,10836
40,8.950938904682795,BattleZone-v0,0.0,13666.666666666666,3927.9493269992086,20,10536
40,9.00585776719782,Boxing-v0,-100.0,8.0,-37.76642913697545,30,8244
40,9.03234484884474,Asteroids-v0,90.0,3690.0,789.1369754552653,33,10836
40,9.07689656674862,Atlantis-v0,1500.0,54800.0,12118.923198733173,45,10154
41,9.13840445584721,Boxing-v0,-100.0,11.333333333333334,-34.923611111111136,32,10670
41,9.162699969079759,Asteroids-v0,90.0,3863.3333333333335,866.620370370371,15,11331
41,9.193413650194804,Atlantis-v0,1500.0,65800.0,16082.02160493827,33,11319
41,9.309946459929149,Bowling-v0,0.0,98.33333333333333,19.821759259259256,22,11252
42,9.345349393222067,Asteroids-v0,100.0,3923.3333333333335,916.7140600315957,14,11078
42,9.379969620837105,Atlantis-v0,1500.0,65800.0,17421.16903633491,33,11319
42,9.472005986968677,Bowling-v0,0.0,98.33333333333333,24.20221169036334,22,11252
42,9.5248770626386,BattleZone-v0,0.0,16666.666666666668,3327.80410742496,15,11423
43,9.566886473496755,Atlantis-v0,1500.0,65800.0,18288.344988344994,33,11319
43,9.657969710561964,Bowling-v0,0.0,98.33333333333333,24.455322455322456,22,11252
43,9.707667566802767,BattleZone-v0,0.0,16666.666666666668,3805.749805749802,15,11423
43,9.747990929616822,Alien-v0,0.0,486.6666666666667,141.09557109557116,29,11854
44,9.846127947833804,Bowling-v0,0.0,103.0,26.192455735180932,18,11941
44,9.8953550488419,BattleZone-v0,0.0,16666.666666666668,4069.2840646651252,15,11423
44,9.925637593600484,Alien-v0,0.0,563.3333333333334,168.56812933025395,23,11926
44,9.95891217397319,Asteroids-v0,100.0,3863.3333333333335,812.540415704388,15,11331
45,10.017281917068694,BattleZone-v0,0.0,19000.0,4324.20091324201,32,12261
45,10.047155104147063,Alien-v0,0.0,563.3333333333334,165.65449010654487,23,11926
45,10.074978468616804,Asteroids-v0,110.0,4406.666666666667,959.4368340943689,26,12413
45,10.156071865293715,Boxing-v0,-100.0,11.333333333333334,-37.76788432267884,32,10670
46,10.193187264667618,Alien-v0,0.0,563.3333333333334,167.05246913580245,23,11926
46,10.222185681793425,Asteroids-v0,100.0,4406.666666666667,1026.9830246913582,26,12413
46,10.280590925282903,Boxing-v0,-100.0,11.333333333333334,-33.231481481481495,32,10670
46,10.350981566376156,BankHeist-v0,0.0,46.666666666666664,5.956790123456796,28,12603
47,10.386888499657314,Asteroids-v0,100.0,4406.666666666667,1109.9689922480616,26,12413
47,10.441549530492889,Boxing-v0,-100.0,11.333333333333334,-32.6186046511628,32,10670
47,10.490925488140848,BankHeist-v0,0.0,70.0,8.271317829457367,14,12879
47,10.619928426742554,Bowling-v0,0.0,98.33333333333333,22.130232558139536,22,11252
48,10.685686041182942,Boxing-v0,-100.0,11.333333333333334,-29.697388632872507,32,10670
48,10.74115050494671,BankHeist-v0,0.0,70.0,8.732718894009214,14,12879
48,10.82961904419793,Bowling-v0,0.0,98.33333333333333,29.174347158218136,22,11252
48,10.88249844306045,Atlantis-v0,1500.0,54800.0,15399.231950844864,45,10154
49,10.947200116382705,BankHeist-v0,0.0,96.66666666666667,9.099307159353357,20,13372
49,11.031287960675028,Bowling-v0,0.0,98.33333333333333,30.76366435719785,22,11252
49,11.074407598376274,Atlantis-v0,1500.0,55133.333333333336,20200.92378752887,39,13371
49,11.115131584207218,Alien-v0,0.0,516.6666666666666,155.2347959969209,51,12019
50,11.323413047856755,Bowling-v0,0.0,121.66666666666667,32.80030721966206,23,13583
50,11.36186443792449,Atlantis-v0,1500.0,56800.0,20322.811059907817,35,13618
50,11.393575130436156,Alien-v0,0.0,516.6666666666666,172.91858678955447,51,12019
50,11.461446623603504,Boxing-v0,-100.0,6.333333333333333,-27.96927803379418,19,12916
51,11.50787132607566,Atlantis-v0,1500.0,56800.0,22637.424242424255,35,13618
51,11.539294434984525,Alien-v0,0.0,516.6666666666666,190.8560606060607,51,12019
51,11.594504732423358,Boxing-v0,-100.0,11.0,-25.6931818181818,85,12617
51,11.662355787025557,BankHeist-v0,0.0,36.666666666666664,6.886363636363644,86,12657
52,11.701556252373589,Alien-v0,0.0,516.6666666666666,197.8090766823162,51,12019
52,11.760651614202393,Boxing-v0,-100.0,11.0,-22.29968701095461,85,12617
52,11.81695351296001,BankHeist-v0,0.0,46.666666666666664,9.021909233176833,28,12603
52,11.86023720085621,Asteroids-v0,110.0,3693.3333333333335,962.550860719875,53,13787
53,11.932022325197856,Boxing-v0,-100.0,14.333333333333334,-23.646212121212145,53,14388
53,11.993015052543747,BankHeist-v0,0.0,50.0,10.568181818181829,10,14486
53,12.027895415359072,Asteroids-v0,106.66666666666667,3693.3333333333335,1054.3409090909101,53,13787
53,12.138885204195976,Bowling-v0,0.0,87.66666666666667,30.480303030303038,92,14448
54,12.198959625959397,BankHeist-v0,0.0,50.0,11.337920489296636,10,14486
54,12.23000206483735,Asteroids-v0,110.0,4683.333333333333,1143.3562691131508,50,14629
54,12.310592440366745,Bowling-v0,0.0,91.66666666666667,32.991590214067266,94,14507
54,12.367304416497548,Centipede-v0,161.66666666666666,11376.333333333334,3071.279816513761,108,14521
55,12.406313724915186,Asteroids-v0,100.0,4683.333333333333,1156.1308116627274,50,14629
55,12.490583292444548,Bowling-v0,0.0,91.66666666666667,34.56501182033098,94,14507
55,12.529519943263796,Centipede-v0,155.0,11376.333333333334,3654.564223798269,108,14521
55,12.587378246651756,Atlantis-v0,1500.0,58733.333333333336,21004.80693459418,45,14810
56,12.671115975379944,Bowling-v0,0.0,91.66666666666667,35.800458715596356,94,14507
56,12.710259744061364,Centipede-v0,165.0,12679.333333333334,3854.874617737001,44,15232
56,12.758755958345201,Atlantis-v0,1500.0,60800.0,25062.99694189601,23,14998
56,12.807289119693968,Alien-v0,0.0,506.6666666666667,181.54434250764527,75,14322
57,12.851433733966616,Centipede-v0,162.0,12679.333333333334,4282.587264150941,44,15232
57,12.895054464737575,Atlantis-v0,1500.0,60800.0,25763.050314465396,23,14998
57,12.929140800502566,Alien-v0,0.0,506.6666666666667,203.49056603773587,75,14322
57,13.01425092001756,Boxing-v0,-100.0,9.666666666666666,-21.641509433962252,28,15013
58,13.068257217407227,Atlantis-v0,1500.0,60800.0,26449.490196078423,23,14998
58,13.103248416980108,Alien-v0,0.0,526.6666666666666,205.4588235294118,31,14460
58,13.166966619292895,Boxing-v0,-100.0,9.666666666666666,-20.45725490196079,28,15013
58,13.26687769472599,Bowling-v0,0.0,84.66666666666667,32.34666666666669,38,14931
59,13.306071634160148,Alien-v0,0.0,526.6666666666666,216.7199391171994,31,14460
59,13.366779788864983,Boxing-v0,-100.0,9.666666666666666,-15.957382039573824,28,15013
59,13.44181180715561,Bowling-v0,0.0,86.0,35.38584474885848,78,15894
59,13.492379803061485,Centipede-v0,163.33333333333334,13365.0,4507.561643835618,44,15772
60,13.557144453194406,Boxing-v0,-100.0,9.666666666666666,-17.832167832167833,28,15013
60,13.63749067929056,Bowling-v0,0.0,91.66666666666667,34.0893550893551,94,16189
60,13.676894749402999,Centipede-v0,165.0,13365.0,5072.403263403265,44,15772
60,13.732018998265266,Atlantis-v0,1500.0,61300.0,27700.69930069931,25,16057
61,13.809198304745886,Bowling-v0,0.0,91.66666666666667,36.010903426791295,94,16189
61,13.848253510461912,Centipede-v0,163.33333333333334,14413.333333333334,5372.099688473524,42,16469
61,13.894796303444439,Atlantis-v0,1500.0,61500.0,28298.753894080994,28,16385
61,13.934501267671585,Alien-v0,0.0,483.3333333333333,214.33800623052963,110,16041
62,13.98189912729793,Centipede-v0,165.0,14471.333333333334,5682.3848555815775,71,16561
62,14.02897544834349,Atlantis-v0,1500.0,61500.0,29852.849336455914,28,16385
62,14.064478229151831,Alien-v0,0.0,516.6666666666666,218.99297423887563,115,16546
62,14.113977460198932,Asteroids-v0,110.0,3263.3333333333335,948.9929742388762,48,16722
63,14.167618971996838,Atlantis-v0,1500.0,64166.666666666664,31006.331045003804,33,16914
63,14.202910969323582,Alien-v0,0.0,516.6666666666666,226.30053394355483,110,16546
63,14.23868265138732,Asteroids-v0,110.0,3263.3333333333335,1067.9252479023642,48,16722
63,14.31294813156128,BankHeist-v0,0.0,70.0,9.412662090007627,24,16833
64,14.354395096699397,Alien-v0,0.0,526.6666666666666,231.37984496124022,31,14460
64,14.38919378578663,Asteroids-v0,110.0,3996.6666666666665,1126.5581395348845,29,15956
64,14.4441132532888,BankHeist-v0,0.0,70.0,12.271317829457363,24,16833
64,14.494851611653964,Centipede-v0,165.0,13228.0,4724.910852713179,86,17143
65,14.534794759088092,Asteroids-v0,100.0,3996.6666666666665,1135.7253086419746,29,15956
65,14.584344145920541,BankHeist-v0,0.0,70.0,13.194444444444445,24,16833
65,14.626318695876334,Centipede-v0,163.33333333333334,15295.666666666666,5128.714506172838,66,17408
65,14.687120316492187,Atlantis-v0,1500.0,64166.666666666664,28531.404320987658,33,16914
66,14.750042751497693,BankHeist-v0,0.0,70.0,13.760117733627663,24,16833
66,14.791274696389834,Centipede-v0,165.0,15295.666666666666,5404.635761589406,66,17408
66,14.84177766415808,Atlantis-v0,1500.0,64166.666666666664,30750.40470934511,33,16914
66,14.949212951527702,Bowling-v0,0.0,95.33333333333333,31.857247976453287,66,17408
67,14.995825042393472,Centipede-v0,165.0,15295.666666666666,5568.368544600937,66,17408
67,15.04311359067758,Atlantis-v0,1500.0,64633.333333333336,30573.08294209703,35,17809
67,15.11665321846803,Bowling-v0,0.0,97.33333333333333,34.03129890453835,37,17906
67,15.204728398654195,BattleZone-v0,0.0,16666.666666666668,6178.403755868547,32,17017
68,15.26078288965755,Atlantis-v0,1500.0,64633.333333333336,31288.71331828443,35,17809
68,15.338172861735027,Bowling-v0,0.0,97.33333333333333,37.379984951091075,37,17906
68,15.401852322949303,BattleZone-v0,0.0,17000.0,6560.571858540254,91,18105
68,15.44631095694171,Asteroids-v0,100.0,3583.3333333333335,1087.0203160270878,64,18129
69,15.52071062280072,Bowling-v0,0.0,98.33333333333333,39.40874811463048,22,11252
69,15.577726298967997,BattleZone-v0,0.0,17000.0,6771.493212669682,91,18105
69,15.61246699737178,Asteroids-v0,100.0,3666.6666666666665,1205.279034690799,4,18036
69,15.674356968204181,BankHeist-v0,0.0,63.333333333333336,13.567119155354447,47,18454
70,15.737830076350106,BattleZone-v0,0.0,18333.333333333332,6975.968992248059,24,16981
70,15.772630692190594,Asteroids-v0,100.0,3666.6666666666665,1230.31007751938,4,18036
70,15.822314224110709,BankHeist-v0,0.0,76.66666666666667,14.92248062015505,49,18054
70,15.918131933079826,Boxing-v0,-100.0,8.666666666666666,-13.037984496124036,136,18290
71,15.961713118818071,Asteroids-v0,100.0,4483.333333333333,1242.543035993741,20,18835
71,16.020612187319333,BankHeist-v0,0.0,76.66666666666667,15.82942097026604,49,18054
71,16.08624725593461,Boxing-v0,-100.0,8.666666666666666,-12.498435054773084,136,18290
71,16.16803535176648,Bowling-v0,0.0,109.33333333333333,36.03442879499219,51,19032
72,16.224266873200733,BankHeist-v0,0.0,76.66666666666667,15.419501133786852,49,18054
72,16.286915232870314,Boxing-v0,-100.0,8.666666666666666,-12.759637188208618,136,18290
72,16.3692624979549,Bowling-v0,0.0,109.33333333333333,35.68178382464099,51,19032
72,16.424542858931755,Alien-v0,0.0,473.3333333333333,205.83522297808025,51,18721
73,16.495388221608266,Boxing-v0,-100.0,17.0,-13.083900226757388,85,19511
73,16.580047772924104,Bowling-v0,0.0,109.33333333333333,38.084656084656125,51,19032
73,16.62414986319012,Alien-v0,0.0,480.0,214.1874527588813,84,19383
73,16.70194505095482,BattleZone-v0,0.0,21000.0,6449.735449735446,47,19416
74,16.787068731851047,Bowling-v0,0.0,109.33333333333333,40.151860288534564,51,19032
74,16.827531919810507,Alien-v0,0.0,480.0,218.4662110858012,84,19383
74,16.883821489082443,BattleZone-v0,0.0,21000.0,7264.236902050117,47,19416
74,16.94327735238605,BankHeist-v0,0.0,76.66666666666667,14.03189066059227,49,18054
75,16.986962080068057,Alien-v0,0.0,496.6666666666667,220.95993953136798,57,19854
75,17.047991406520207,BattleZone-v0,0.0,21000.0,7440.665154950866,53,19416
75,17.097803931368723,BankHeist-v0,0.0,76.66666666666667,15.978835978835976,49,18054
75,17.170168734987577,Boxing-v0,-100.0,17.0,-12.121693121693118,85,19511
76,17.234384856952563,BattleZone-v0,0.0,21000.0,7631.22171945702,47,19416
76,17.287775127424133,BankHeist-v0,0.0,76.66666666666667,17.443438914027148,49,18054
76,17.351151220732266,Boxing-v0,-100.0,17.0,-11.51131221719458,85,19511
76,17.396376735832956,Asteroids-v0,100.0,3533.3333333333335,1125.1960784313728,48,18830
77,17.45842475394408,BankHeist-v0,0.0,76.66666666666667,17.676767676767675,49,18054
77,17.522933133774334,Boxing-v0,-100.0,17.0,-10.905205905205902,85,19511
77,17.56104015568892,Asteroids-v0,110.0,3533.3333333333335,1213.628593628595,48,18830
77,17.62722221308284,Centipede-v0,165.0,14245.666666666666,4705.153846153845,134,18231
78,17.697882536318566,Boxing-v0,-100.0,17.0,-11.797935103244832,85,19511
78,17.735210197634167,Asteroids-v0,110.0,4253.333333333333,1224.2477876106188,24,20400
78,17.783977073894608,Centipede-v0,165.0,14245.666666666666,4999.685840707965,134,18231
78,17.88213300585747,Bowling-v0,0.0,94.33333333333333,36.8289085545723,85,19511
79,17.927980619271597,Asteroids-v0,100.0,4986.666666666667,1325.0588235294126,24,20976
79,17.975455668436155,Centipede-v0,165.0,14245.666666666666,5596.83607843137,134,18231
79,18.051490579446156,Bowling-v0,0.0,99.0,38.49882352941182,84,21012
79,18.131809129516284,Atlantis-v0,1500.0,67533.33333333333,30238.588235294126,94,21031
80,18.18422749857108,Centipede-v0,165.0,14471.333333333334,5676.8055555555575,6,21298
80,18.263898005021943,Bowling-v0,0.0,99.0,37.49691358024694,84,21012
80,18.32274765412013,Atlantis-v0,1500.0,67533.33333333333,29176.38888888887,94,21031
80,18.379019795656205,Alien-v0,0.0,440.0,198.40277777777797,76,19599
81,18.45558532913526,Bowling-v0,0.0,99.0,39.58896658896662,87,21012
81,18.508540857964093,Atlantis-v0,1500.0,67533.33333333333,32388.888888888883,94,21031
81,18.54876065625085,Alien-v0,0.0,440.0,215.99067599067612,76,19599
81,18.634389724731445,BattleZone-v0,0.0,23333.333333333332,6788.655788655792,102,21511
82,18.697251209020614,Atlantis-v0,1500.0,67533.33333333333,31564.40422322776,94,21031
82,18.739531964593464,Alien-v0,0.0,440.0,214.53996983408737,76,19599
82,18.803837491869928,BattleZone-v0,0.0,23333.333333333332,7506.787330316741,102,21511
82,18.89578010155095,Boxing-v0,-100.0,16.0,-11.423831070889902,84,21865
83,18.944658996197912,Alien-v0,0.0,440.0,223.20246343341023,76,19599
83,19.010508311722013,BattleZone-v0,0.0,23333.333333333332,7752.1170130869905,102,21511
83,19.077611955801647,Boxing-v0,-100.0,17.0,-9.146266358737492,85,19511
83,19.164421330491702,Bowling-v0,0.0,99.0,40.68591224018478,84,21012
84,19.238506756226222,BattleZone-v0,0.0,23333.333333333332,7757.238307349667,102,21511
84,19.30821444729964,Boxing-v0,-100.0,17.0,-9.53229398663697,85,19511
84,19.385500496824584,Bowling-v0,0.0,101.33333333333333,42.720118782479595,78,22390
84,19.459150973094836,BankHeist-v0,0.0,56.666666666666664,12.204899777282847,26,22218
85,19.53259016573429,Boxing-v0,-100.0,17.0,-9.921921921921921,85,19511
85,19.60850761519538,Bowling-v0,0.0,110.66666666666667,44.3190690690691,38,22628
85,19.658256255322033,BankHeist-v0,0.0,56.666666666666664,13.761261261261273,26,22218
85,19.710134635501436,Alien-v0,0.0,353.3333333333333,206.5690690690691,54,19924
86,19.790156347288026,Bowling-v0,0.0,111.33333333333333,45.06529992406983,31,22734
86,19.84386005991035,BankHeist-v0,0.0,60.0,15.808656036446477,106,22881
86,19.884443569382032,Alien-v0,0.0,376.6666666666667,204.54821564160974,66,22705
86,19.96321779343817,Atlantis-v0,1500.0,67533.33333333333,32681.093394077463,94,21031
87,20.027194053199555,BankHeist-v0,0.0,60.0,16.59770114942528,106,22881
87,20.066172352698114,Alien-v0,0.0,376.6666666666667,218.66666666666663,66,22705
87,20.12070812298192,Atlantis-v0,1500.0,67533.33333333333,33085.59386973181,94,21031
87,20.172848829825718,Asteroids-v0,110.0,3533.3333333333335,1025.0191570881225,48,18830
88,20.220399870143996,Alien-v0,0.0,376.6666666666667,216.8139534883722,66,22705
88,20.2775165750583,Atlantis-v0,1500.0,67533.33333333333,33142.71317829457,94,21031
88,20.318559961517654,Asteroids-v0,100.0,3533.3333333333335,1104.100775193798,48,18830
88,20.403075866103173,Bowling-v0,0.0,99.0,36.756589147286846,84,21012
89,20.46572487771511,Atlantis-v0,1500.0,67533.33333333333,34206.48148148147,94,21031
89,20.50536886493365,Asteroids-v0,100.0,3533.3333333333335,1221.0262345679014,48,18830
89,20.585857586728203,Bowling-v0,0.0,110.33333333333333,41.4266975308642,76,23692
89,20.669495375619995,BattleZone-v0,0.0,17666.666666666668,6672.067901234573,113,23009
90,20.716056210928492,Asteroids-v0,110.0,3533.3333333333335,1243.7558685446013,48,18830
90,20.788318345016904,Bowling-v0,0.0,110.33333333333333,41.186228482003145,76,23692
90,20.851204940213098,BattleZone-v0,0.0,17666.666666666668,7125.195618153364,113,23009
90,20.922402247124246,Centipede-v0,161.66666666666666,14245.666666666666,5149.06338028169,134,18231
91,21.00217948469851,Bowling-v0,0.0,110.33333333333333,39.34418604651166,76,23692
91,21.066397883759606,BattleZone-v0,0.0,17666.666666666668,6988.372093023256,113,23009
91,21.118998958799573,Centipede-v0,162.0,15295.666666666666,5823.593023255814,95,24176
91,21.191388977832265,BankHeist-v0,0.0,60.0,12.937984496124038,106,22881
92,21.26428263174163,BattleZone-v0,0.0,18333.333333333332,7337.200309358078,112,24378
92,21.316648482547865,Centipede-v0,165.0,15295.666666666666,5793.983758700695,95,24176
92,21.381383603546354,BankHeist-v0,0.0,60.0,14.36194895591648,106,22881
92,21.458258097171782,Atlantis-v0,1500.0,64400.0,31026.527455529776,42,22437
93,21.520485268235205,Centipede-v0,165.0,15295.666666666666,6027.050000000001,95,24176
93,21.58116730703248,BankHeist-v0,0.0,60.0,16.27272727272728,106,22881
93,21.647022725343703,Atlantis-v0,1500.0,64400.0,34555.83333333332,42,22437
93,21.7089507685105,Asteroids-v0,90.0,3073.3333333333335,1212.825757575758,60,24731
94,21.774728112419446,BankHeist-v0,0.0,86.66666666666667,15.823483057525614,103,24586
94,21.83412832558155,Atlantis-v0,1500.0,64400.0,34217.966903073284,42,22437
94,21.878082099424468,Asteroids-v0,106.66666666666667,3073.3333333333335,1209.432624113476,60,24731
94,21.969141999085743,Bowling-v0,0.0,93.0,35.5878644602049,83,21326
95,22.035740855137508,Atlantis-v0,1500.0,64400.0,34043.23279195671,42,22437
95,22.08129648639096,Asteroids-v0,110.0,3610.0,1266.7749419953595,107,25219
95,22.15848009387652,Bowling-v0,0.0,96.0,37.692188708430045,126,25123
95,22.23831359916263,BattleZone-v0,0.0,17666.666666666668,7076.56612529003,113,23009
96,22.291365103920302,Asteroids-v0,100.0,4090.0,1375.6345565749248,122,25365
96,22.37824177390999,Bowling-v0,0.0,107.0,37.271406727828776,158,25389
96,22.44776054355833,BattleZone-v0,0.0,17666.666666666668,7129.969418960243,113,23009
96,22.51681821756893,BankHeist-v0,0.0,76.66666666666667,15.145259938837924,49,18054
97,22.60173665901025,Bowling-v0,0.0,107.0,38.92730085073475,158,25389
97,22.667719776829085,BattleZone-v0,0.0,19333.333333333332,6838.360402165502,126,22285
97,22.726644308103456,BankHeist-v0,0.0,76.66666666666667,15.560711523588566,49,18054
97,22.824616653720536,Boxing-v0,-100.0,16.333333333333332,-10.793503480278423,95,25543
98,22.906816921962633,BattleZone-v0,0.0,22333.333333333332,7222.475322703114,105,26055
98,22.972687050104142,BankHeist-v0,0.0,76.66666666666667,15.337889141989379,49,18054
98,23.052673302292824,Boxing-v0,-100.0,16.333333333333332,-12.131359149582387,95,25543
98,23.116714739667046,Alien-v0,0.0,326.6666666666667,205.18602885345484,103,25926
99,23.18700272957484,BankHeist-v0,0.0,76.66666666666667,16.029526029526036,49,18054
99,23.253689979579715,Boxing-v0,-100.0,16.333333333333332,-11.256410256410263,95,25543
99,23.301514434615772,Alien-v0,0.0,330.0,209.93783993784004,44,26133
99,23.383916919959916,Atlantis-v0,1500.0,68266.66666666667,32545.221445221432,106,26302
100,23.568283368680213,Boxing-v0,-100.0,16.666666666666668,-10.742635658914736,95,26563
100,23.616301065617137,Alien-v0,0.0,640.0,213.38759689922475,112,26424
100,23.679151391718122,Atlantis-v0,1500.0,68266.66666666667,33507.59689922478,106,26302
100,23.7495474407408,Centipede-v0,161.66666666666666,14982.333333333334,5617.099999999997,211,26389
101,23.802963773343297,Alien-v0,0.0,640.0,221.34126984126948,112,26424
101,23.86393475956387,Atlantis-v0,1500.0,68266.66666666667,33967.69841269844,106,26302
101,23.91827900469303,Centipede-v0,165.0,14982.333333333334,6377.6793650793625,211,26389
101,23.97672066145473,Asteroids-v0,100.0,3610.0,1153.857142857144,107,25219
102,24.04567273716132,Atlantis-v0,1500.0,68266.66666666667,34137.90697674416,106,26302
102,24.099911492466926,Centipede-v0,163.33333333333334,14982.333333333334,6384.83565891473,211,26389
102,24.14950828962856,Asteroids-v0,100.0,3610.0,1243.604651162791,107,25219
102,24.2517706378301,Bowling-v0,0.0,99.66666666666667,35.98604651162794,181,26465
103,24.31246710571978,Centipede-v0,165.0,14982.333333333334,6657.598607888625,211,26389
103,24.360399510794217,Asteroids-v0,110.0,3610.0,1242.0804331013142,107,25219
103,24.439401650495,Bowling-v0,0.0,103.66666666666667,39.66898685228154,34,27311
103,24.497538401352035,Alien-v0,0.0,640.0,219.27300850734724,112,26424
104,24.551463768548437,Asteroids-v0,100.0,3610.0,1278.185358255452,107,25219
104,24.627497888671027,Bowling-v0,0.0,103.66666666666667,39.51557632398757,34,27311
104,24.676284595065646,Alien-v0,0.0,640.0,218.22429906542055,112,26424
104,24.749065788057116,Atlantis-v0,1500.0,62533.333333333336,32647.66355140185,108,27407
105,24.836765723758273,Bowling-v0,0.0,130.66666666666666,40.91609458428683,91,27752
105,24.886096609698402,Alien-v0,0.0,640.0,225.9801678108312,112,26424
105,24.949225688974064,Atlantis-v0,1500.0,71900.0,33282.15102974828,106,27721
105,25.01485743926631,Centipede-v0,165.0,15651.666666666666,6330.298245614033,117,27555
106,25.073457529875967,Alien-v0,0.0,640.0,228.98782343987838,112,26424
106,25.14161140786277,Atlantis-v0,1500.0,71900.0,35197.10806697108,106,27721
106,25.20349847720729,Centipede-v0,165.0,16540.0,6538.156012176557,191,28054
106,25.28891051226192,BankHeist-v0,0.0,66.66666666666667,12.686453576864535,105,28028
107,25.35937383307351,Atlantis-v0,1500.0,71900.0,34794.26356589148,106,27721
107,25.41318668504556,Centipede-v0,160.0,16540.0,6650.560465116282,191,28054
107,25.478281266358163,BankHeist-v0,0.0,66.66666666666667,14.620155038759702,105,28028
107,25.576233968337377,Boxing-v0,-100.0,9.666666666666666,-13.898449612403107,226,27845
108,25.641806625525156,Centipede-v0,165.0,16540.0,6965.676537585415,191,28054
108,25.70478087670273,BankHeist-v0,0.0,66.66666666666667,16.112376613515583,105,28028
108,25.782477231555514,Boxing-v0,-100.0,23.333333333333332,-13.202733485193617,110,28466
108,25.84170913371775,Alien-v0,0.0,323.3333333333333,218.64085041761595,143,28058
109,25.922320657769838,BankHeist-v0,0.0,66.66666666666667,16.33020344287951,105,28028
109,25.994132352670032,Boxing-v0,-100.0,25.0,-11.302816901408454,178,28789
109,26.043059070309003,Alien-v0,0.0,366.6666666666667,224.10798122065717,6,28854
109,26.147935297754074,Bowling-v0,0.0,99.66666666666667,36.63849765258219,98,28752
110,26.227287768324217,Boxing-v0,-100.0,25.0,-10.5284178187404,178,28789
110,26.27960822727945,Alien-v0,0.0,366.6666666666667,223.87864823348693,6,28854
110,26.364178350832727,Bowling-v0,0.0,113.0,40.06144393241169,127,29032
110,26.43463067630927,Asteroids-v0,110.0,3423.3333333333335,1190.353302611367,137,27634
111,26.491434837381046,Alien-v0,0.0,366.6666666666667,217.79069767441857,6,28854
111,26.567169689072504,Bowling-v0,0.0,113.0,41.50930232558141,127,29032
111,26.618423887027635,Asteroids-v0,110.0,3423.3333333333335,1239.5038759689937,137,27634
111,26.696164057652155,Centipede-v0,165.0,15298.333333333334,6399.352713178296,156,28981
112,26.781003522806696,Bowling-v0,0.0,120.0,41.748427672956005,150,29531
112,26.831659286816915,Asteroids-v0,110.0,3423.3333333333335,1330.338050314466,137,27634
112,26.893483915991254,Centipede-v0,165.0,15298.333333333334,6794.984276729557,156,28981
112,26.97745504544841,Boxing-v0,-100.0,11.333333333333334,-13.34119496855345,210,28654
113,27.04036536819405,Asteroids-v0,100.0,4153.333333333333,1371.6075650118191,234,29748
113,27.10508671131399,Centipede-v0,162.0,15298.333333333334,6853.373522458631,156,28981
113,27.18283758322398,Boxing-v0,-100.0,25.0,-12.763593380614662,113,29630
113,27.250481940044295,Alien-v0,0.0,356.6666666666667,209.78723404255325,141,29875
114,27.318505150609546,Centipede-v0,158.66666666666666,15298.333333333334,7025.225077881618,156,28981
114,27.393587377270062,Boxing-v0,-100.0,25.0,-12.61526479750778,113,29630
114,27.450263270537057,Alien-v0,0.0,566.6666666666666,212.12616822429897,216,29691
114,27.545463910169072,BankHeist-v0,0.0,60.0,12.422118380062315,226,29289
115,27.630156480338837,Boxing-v0,-100.0,25.0,-10.402165506573862,113,29630
115,27.68849642780092,Alien-v0,0.0,566.6666666666666,220.25522041763355,216,29691
115,27.762592532436052,BankHeist-v0,0.0,60.0,13.820572312451672,226,29289
115,27.873489689893194,Bowling-v0,0.0,113.0,41.68677494199537,127,29032
116,27.937662609352007,Alien-v0,0.0,566.6666666666666,214.20970266040686,216,29691
116,28.016360417935584,BankHeist-v0,0.0,60.0,14.960876369327087,226,29289
116,28.103498414556185,Bowling-v0,0.0,113.0,42.390453834115846,127,29032
116,28.200666750272116,Atlantis-v0,1500.0,67933.33333333333,30290.76682316121,92,30661
117,28.273255706694393,BankHeist-v0,0.0,60.0,15.931941221964433,226,29289
117,28.361570604377324,Bowling-v0,0.0,113.0,39.69528228924983,127,29032
117,28.43195068458716,Atlantis-v0,1500.0,69633.33333333333,33079.969064191784,115,30757
117,28.497235371669134,Asteroids-v0,100.0,3240.0,1241.7092034029397,140,30493
118,28.592362919184897,Bowling-v0,0.0,118.0,39.64545454545458,29,30996
118,28.66072830028004,Atlantis-v0,1500.0,69633.33333333333,34086.13636363635,120,30757
118,28.717229695187676,Asteroids-v0,100.0,4976.666666666667,1351.560606060606,106,30970
118,28.819312280615172,BattleZone-v0,0.0,21333.333333333332,6857.575757575754,103,31002
119,28.88766531136301,Atlantis-v0,1500.0,69633.33333333333,32604.616588419416,115,30757
119,28.93658651696311,Asteroids-v0,100.0,4976.666666666667,1372.1517996870111,106,30970
119,29.00940271768305,BattleZone-v0,0.0,21333.333333333332,7305.946791862285,103,31002
119,29.088967662519877,BankHeist-v0,0.0,60.0,14.530516431924896,180,31176
120,29.145355059769418,Asteroids-v0,110.0,4976.666666666667,1424.0281030444971,106,30970
120,29.21065327922503,BattleZone-v0,0.0,21333.333333333332,8082.747853239659,103,31002
120,29.27503986550702,BankHeist-v0,0.0,60.0,17.01014832162373,180,31176
120,29.37040168133047,Boxing-v0,-100.0,5.666666666666667,-10.82123341139735,216,29817
121,29.440998883975876,BattleZone-v0,0.0,21333.333333333332,7767.912772585667,103,31002
121,29.509469300574725,BankHeist-v0,0.0,60.0,17.12616822429908,180,31176
121,29.58375861260626,Boxing-v0,-100.0,10.0,-13.119937694704046,95,31768
121,29.681276728775767,Bowling-v0,0.0,99.66666666666667,34.65498442367604,98,28752
122,29.753676837682725,BankHeist-v0,0.0,60.0,18.035576179427704,180,31176
122,29.826842857135667,Boxing-v0,-100.0,11.666666666666666,-11.34957463263728,219,32114
122,29.912201226552327,Bowling-v0,0.0,99.66666666666667,37.16241299303947,98,28752
122,29.97951154139307,Alien-v0,0.0,353.3333333333333,228.68522815158556,216,29817
123,30.061524754630195,Boxing-v0,-100.0,11.666666666666666,-11.208236208236208,219,32114
123,30.144163290394676,Bowling-v0,0.0,113.0,39.04118104118108,149,32415
123,30.2014292557372,Alien-v0,0.0,353.3333333333333,227.5679875679878,216,29817
123,30.2717643696732,Asteroids-v0,110.0,3076.6666666666665,1291.4529914529905,216,29817
124,30.36478753692574,Bowling-v0,0.0,113.0,43.36862745098041,149,32415
124,30.421298148830733,Alien-v0,0.0,510.0,225.62352941176468,114,32711
124,30.479485094017452,Asteroids-v0,110.0,3076.6666666666665,1256.4705882352935,216,29817
124,30.571256494058503,BattleZone-v0,0.0,18666.666666666668,7019.6078431372625,115,32553
125,30.64323495719168,Alien-v0,0.0,510.0,232.83570300157987,114,32711
125,30.709348532689944,Asteroids-v0,100.0,3580.0,1367.116903633491,135,32724
125,30.784582508338822,BattleZone-v0,0.0,19000.0,7596.366508688787,173,32741
125,30.87482250392437,Centipede-v0,161.66666666666666,15593.666666666666,6787.46445497631,115,32742
126,30.937023830744955,Asteroids-v0,110.0,3806.6666666666665,1395.3703703703711,91,33207
126,31.005364118682014,BattleZone-v0,0.0,28666.666666666668,7838.734567901235,91,33207
126,31.071199659175342,Centipede-v0,161.66666666666666,16756.666666666668,7225.172839506178,149,33105
126,31.16850421110789,Bowling-v0,0.0,104.66666666666667,37.561728395061785,182,32992
127,31.249688967400125,BattleZone-v0,0.0,28666.666666666668,7765.957446808509,91,33207
127,31.31709269364675,Centipede-v0,158.33333333333334,16756.666666666668,7114.382190701338,149,33105
127,31.414798679682942,Bowling-v0,0.0,104.66666666666667,38.45862884160757,182,32992
127,31.4865424393283,Alien-v0,0.0,376.6666666666667,222.86840031520893,214,33148
128,31.558413708673584,Centipede-v0,165.0,16756.666666666668,7648.476851851847,149,33105
128,31.644886386526956,Bowling-v0,0.0,104.66666666666667,40.76466049382717,182,32992
128,31.702383908496962,Alien-v0,0.0,376.6666666666667,228.395061728395,214,33148
128,31.799806162251368,BankHeist-v0,0.0,60.0,13.896604938271613,180,31176
129,31.88922167956829,Bowling-v0,0.0,104.66666666666667,43.6659021406728,182,32992
129,31.947475840648014,Alien-v0,0.0,376.6666666666667,231.49847094801237,214,33148
129,32.022576788067816,BankHeist-v0,0.0,70.0,16.16972477064221,182,33741
129,32.10105580998792,Asteroids-v0,110.0,4686.666666666667,1385.955657492353,179,33803
130,32.16794975750976,Alien-v0,0.0,576.6666666666666,232.01996927803384,216,34171
130,32.240831504596606,BankHeist-v0,0.0,70.0,15.683563748079893,182,33741
130,32.30361245446735,Asteroids-v0,100.0,4686.666666666667,1399.0937019969274,179,33803
130,32.413333271013364,Boxing-v0,-100.0,12.333333333333334,-10.660522273425501,215,33262
131,32.49526305821207,BankHeist-v0,0.0,70.0,17.243735763097956,182,33741
131,32.557396533489225,Asteroids-v0,100.0,4686.666666666667,1484.6317388003047,179,33803
131,32.64251351131333,Boxing-v0,-100.0,12.333333333333334,-9.066818526955204,215,33262
131,32.732906187441614,BattleZone-v0,0.0,19333.333333333332,7346.24145785876,151,33937
132,32.80055117653476,Asteroids-v0,110.0,4686.666666666667,1518.8505747126437,179,33803
132,32.88034865458806,Boxing-v0,-100.0,12.333333333333334,-8.381609195402303,215,33262
132,32.961106008026334,BattleZone-v0,0.0,19333.333333333332,7449.8084291187715,151,33937
132,33.05114342186186,Centipede-v0,175.0,16377.666666666666,7502.190038314173,218,34708
133,33.13756442553467,Boxing-v0,-100.0,13.333333333333334,-9.059633027522937,79,21255
133,33.21256774346034,BattleZone-v0,0.0,27666.666666666668,7607.798165137617,169,34802
133,33.28484860466586,Centipede-v0,156.0,16774.0,7579.07186544343,112,34832
133,33.36475685543484,Alien-v0,0.0,576.6666666666666,225.481651376147,216,34171
134,33.45323616630501,BattleZone-v0,0.0,27666.666666666668,7709.976798143852,169,34802
134,33.52611638201608,Centipede-v0,165.0,16774.0,7888.788863109053,112,34832
134,33.59500764952766,Alien-v0,0.0,576.6666666666666,233.72776488785763,216,34171
134,33.7032997298903,Bowling-v0,0.0,99.66666666666667,43.505027068832185,235,34916
135,33.78027326981226,Centipede-v0,161.66666666666666,16774.0,7966.492753623188,112,34832
135,33.84386945201291,Alien-v0,0.0,576.6666666666666,240.983981693364,216,34171
135,33.93325850016541,Bowling-v0,0.0,99.66666666666667,43.97101449275363,235,34916
135,34.02600723154015,Boxing-v0,-100.0,12.666666666666666,-9.915331807780316,83,35030
136,34.11036849207348,Alien-v0,0.0,583.3333333333334,245.4398148148148,164,35668
136,34.210864291522235,Bowling-v0,0.0,107.0,53.38117283950618,217,35772
136,34.305594633552765,Boxing-v0,-100.0,15.0,-8.299382716049385,214,35694
136,34.389736079043814,Asteroids-v0,100.0,3796.6666666666665,1464.4290123456788,215,33466
137,34.509293967220515,Bowling-v0,0.0,107.0,63.19123204837488,217,35772
137,34.60271844969856,Boxing-v0,-100.0,15.0,-6.7634164777021955,214,35694
137,34.68371875921885,Asteroids-v0,90.0,3796.6666666666665,1621.224489795919,215,33466
137,34.785751694109706,BattleZone-v0,0.0,14000.0,4967.498110355251,217,35691
138,34.87703751636876,Boxing-v0,-100.0,16.666666666666668,-3.9403921568627442,224,36251
138,34.94333328909344,Asteroids-v0,110.0,3943.3333333333335,1703.4666666666667,214,36266
138,35.01880595405896,BattleZone-v0,0.0,15666.666666666666,5760.784313725489,202,35198
138,35.114483294487,Centipede-v0,165.0,16418.0,7606.183529411764,217,35312
139,35.19129612710741,Asteroids-v0,100.0,3943.3333333333335,1663.5534591194964,214,36266
139,35.2688707391421,BattleZone-v0,0.0,16333.333333333334,6059.748427672948,109,31678
139,35.344692554738785,Centipede-v0,165.0,16418.0,7496.333333333323,217,35312
139,35.45199177212185,BankHeist-v0,0.0,43.333333333333336,4.614779874213835,189,36567
140,35.544048505822815,BattleZone-v0,0.0,18000.0,6399.378399378396,232,36680
140,35.627819665736624,Centipede-v0,165.0,16418.0,7326.445998446002,217,35312
140,35.72307711886035,BankHeist-v0,0.0,50.0,9.137529137529134,134,18231
140,35.83411667611864,Boxing-v0,-100.0,16.0,-9.022533022533024,217,36511
141,35.92100130736828,Centipede-v0,165.0,16418.0,7530.458722741436,217,35312
141,36.00242790652646,BankHeist-v0,0.0,50.0,11.985981308411205,134,18231
141,36.09114431613021,Boxing-v0,-100.0,16.0,-11.387071651090345,217,36511
141,36.18046900808811,Alien-v0,0.0,916.6666666666666,224.5716510903427,227,36611
142,36.27714355005158,BankHeist-v0,0.0,56.666666666666664,13.911007025761128,126,37318
142,36.360268335541086,Boxing-v0,-100.0,16.0,-9.530054644808748,217,36511
142,36.42978549950653,Alien-v0,0.0,916.6666666666666,245.19906323185026,227,36611
142,36.510669208102755,Asteroids-v0,100.0,3476.6666666666665,1333.075722092116,240,36354
143,36.607182880971166,Boxing-v0,-100.0,16.0,-9.840375586854456,217,36511
143,36.670859045452545,Alien-v0,0.0,916.6666666666666,240.52425665101705,227,36611
143,36.73828506787618,Asteroids-v0,110.0,3990.0,1433.8184663536772,257,37457
143,36.850329416791595,Atlantis-v0,1500.0,62000.0,28519.17057902974,97,37210
144,36.92536073519124,Alien-v0,0.0,916.6666666666666,252.47058823529414,227,36611
144,36.99242129604022,Asteroids-v0,100.0,3990.0,1523.6549019607855,257,37457
144,37.0724258878496,Atlantis-v0,1500.0,62000.0,28981.960784313706,97,37210
144,37.16822084214952,BankHeist-v0,0.0,50.0,9.709803921568623,115,36683
145,37.24568471756246,Asteroids-v0,100.0,3990.0,1408.6150234741783,257,37457
145,37.32814711590608,Atlantis-v0,1500.0,68333.33333333333,31381.924882629064,150,38076
145,37.41188973181777,BankHeist-v0,0.0,50.0,13.247261345852905,115,36683
145,37.504454445044196,Centipede-v0,165.0,16418.0,7026.349765258215,217,35312
146,37.59011336313354,Atlantis-v0,1500.0,68333.33333333333,31759.640905542576,150,38076
146,37.672181883984145,BankHeist-v0,0.0,70.0,14.683840749414529,220,38206
146,37.75023196597894,Centipede-v0,165.0,16418.0,7512.791569086652,217,35312
146,37.87724432501528,Bowling-v0,0.0,107.33333333333333,41.30757220921157,220,38216
147,37.96996173481146,BankHeist-v0,0.0,70.0,16.813611755607116,220,38206
147,38.04498083459006,Centipede-v0,165.0,16418.0,7463.77339520495,217,35312
147,38.140883668528666,Bowling-v0,0.0,107.33333333333333,42.16163959783451,220,38216
147,38.25695073008537,Boxing-v0,-100.0,11.333333333333334,-10.414539829853052,249,38583
148,38.34089866638183,Centipede-v0,165.0,17171.0,7666.212683681359,135,38829
148,38.42845906701353,Bowling-v0,0.0,111.33333333333333,44.34725444702242,235,38745
148,38.51634776214758,Boxing-v0,-100.0,15.0,-12.375870069605567,261,38778
148,38.60429876175192,Alien-v0,0.0,510.0,239.7911832946635,236,36865
149,38.716756282051406,Bowling-v0,0.0,111.33333333333333,51.19411296738265,235,38745
149,38.809138406515125,Boxing-v0,-100.0,15.0,-10.851233094669855,261,38778
149,38.88946087506082,Alien-v0,0.0,836.6666666666666,238.1702466189341,221,38912
149,38.97705233938164,Asteroids-v0,110.0,3990.0,1448.3452665075583,257,37457
150,39.21398204194175,Boxing-v0,-100.0,17.333333333333332,-6.30855855855856,220,39357
150,39.296639846497115,Alien-v0,0.0,836.6666666666666,261.4714714714715,221,38912
150,39.383797086808414,Asteroids-v0,100.0,4596.666666666667,1623.2057057057054,259,39216
150,39.47923934300741,Centipede-v0,165.0,16418.0,7656.205705705702,217,35312
151,39.561743901703096,Alien-v0,0.0,836.6666666666666,266.16279069767444,221,38912
151,39.63465549574958,Asteroids-v0,110.0,4596.666666666667,1707.6434108527123,259,39216
151,39.71755840016736,Centipede-v0,155.0,16418.0,7964.435658914728,217,35312
151,39.82469481746356,BattleZone-v0,0.0,20666.666666666668,4962.015503875973,246,39587
152,39.90626994755533,Asteroids-v0,100.0,4596.666666666667,1687.623529411763,259,39216
152,39.98658782667584,Centipede-v0,165.0,16774.0,7851.822745098037,94,39819
152,40.06968254413869,BattleZone-v0,0.0,20666.666666666668,5730.1960784313715,246,39587
152,40.17565875775284,Atlantis-v0,1500.0,57100.0,24831.921568627462,104,25778
153,40.26314342425929,Centipede-v0,165.0,16774.0,7872.302469135799,94,39819
153,40.355495620171226,BattleZone-v0,0.0,20666.666666666668,6229.166666666663,246,39587
153,40.43838407622443,Atlantis-v0,1500.0,64100.0,26120.216049382714,105,40160
153,40.56199572165807,Bowling-v0,0.0,109.66666666666667,58.14737654320987,231,38886
154,40.65145370847649,BattleZone-v0,0.0,20666.666666666668,6798.266351457838,246,39587
154,40.73170110470719,Atlantis-v0,1500.0,64100.0,27850.827423167837,105,40160
154,40.82582345823447,Bowling-v0,0.0,109.66666666666667,51.62884160756497,231,38886
154,40.94189772698614,Boxing-v0,-100.0,17.333333333333332,-8.645390070921986,215,40390
155,41.03186791658401,Atlantis-v0,1500.0,64100.0,29728.240740740745,105,40160
155,41.130204162332745,Bowling-v0,0.0,109.66666666666667,54.168209876543195,231,38886
155,41.224457617733215,Boxing-v0,-100.0,17.333333333333332,-7.267746913580247,215,40390
155,41.32032266722785,Centipede-v0,165.0,16418.0,7602.335648148146,217,35312
156,41.422920815414855,Bowling-v0,0.0,109.66666666666667,56.253241800152544,231,38886
156,41.507401162981985,Boxing-v0,-100.0,17.333333333333332,-7.607170099160942,215,40390
156,41.58621097266674,Centipede-v0,165.0,16774.0,8051.379862700225,142,40946
156,41.685229458610216,BattleZone-v0,0.0,17000.0,6221.205186880242,242,40887
157,41.77884100092782,Boxing-v0,-100.0,17.333333333333332,-6.304147465437787,215,40390
157,41.85436542603705,Centipede-v0,165.0,16774.0,8025.648233486952,142,40946
157,41.932794153226745,BattleZone-v0,0.0,20333.333333333332,6768.049155145927,162,41076
157,42.06319157772594,BankHeist-v0,0.0,66.66666666666667,6.075268817204302,93,40930
158,42.15238257613447,Centipede-v0,165.0,16774.0,8024.230462519932,142,40946
158,42.2312767416901,BattleZone-v0,0.0,20333.333333333332,7154.704944178624,162,41076
158,42.3221012414164,BankHeist-v0,0.0,66.66666666666667,11.403508771929832,93,40930
158,42.42789243691497,Atlantis-v0,1500.0,58400.0,28825.19936204145,126,41472
159,42.52030741473039,BattleZone-v0,0.0,20333.333333333332,7349.803921568627,162,41076
159,42.61061133066813,BankHeist-v0,0.0,66.66666666666667,13.631372549019616,93,40930
159,42.69846801300844,Atlantis-v0,1500.0,62100.0,31705.72549019606,205,41760
159,42.792567977044314,Alien-v0,0.0,703.3333333333334,234.37647058823532,265,41627
160,42.890121992561554,BankHeist-v0,0.0,66.66666666666667,15.66365007541479,93,40930
160,42.97312459323141,Atlantis-v0,1500.0,62100.0,32494.26847662141,205,41760
160,43.051354729599424,Alien-v0,0.0,703.3333333333334,236.83257918552053,265,41627
160,43.14969944828086,Centipede-v0,165.0,16186.0,7581.174962292611,285,41404
161,43.23542961564329,Atlantis-v0,1500.0,62100.0,32766.588050314458,205,41760
161,43.30674631092283,Alien-v0,0.0,703.3333333333334,243.9465408805032,269,41627
161,43.38803846869204,Centipede-v0,165.0,16418.0,8034.173742138361,219,35445
161,43.484377741416296,BattleZone-v0,0.0,17000.0,7356.1320754716935,242,40887
162,43.56365675952699,Alien-v0,0.0,703.3333333333334,249.66183574879238,265,41627
162,43.63964634769493,Centipede-v0,155.0,16418.0,8063.849436392917,219,35445
162,43.72340219087071,BattleZone-v0,0.0,17000.0,7537.84219001611,242,40887
162,43.82642206503285,BankHeist-v0,0.0,56.666666666666664,13.164251207729466,277,41348
163,43.914832169546024,Centipede-v0,165.0,16418.0,8187.97484276729,219,35445
163,44.002952527271376,BattleZone-v0,0.0,17000.0,7598.27044025157,242,40887
163,44.091561538643305,BankHeist-v0,0.0,56.666666666666664,15.007861635220127,277,41348
163,44.20883156485028,Boxing-v0,-100.0,17.333333333333332,-12.247641509433958,229,42658
164,44.30311688476139,BattleZone-v0,0.0,17666.666666666668,7745.882352941176,280,42875
164,44.38812255554729,BankHeist-v0,0.0,73.33333333333333,16.07843137254903,143,42901
164,44.485646414293186,Boxing-v0,-100.0,17.666666666666668,-10.299607843137263,223,43054
164,44.574530094928214,Alien-v0,0.0,530.0,244.99607843137244,215,41741
165,44.674232969284056,BankHeist-v0,0.0,73.33333333333333,16.0078431372549,143,42901
165,44.76328279919095,Boxing-v0,-100.0,17.666666666666668,-11.163921568627451,218,43054
165,44.837499945826,Alien-v0,0.0,530.0,239.06666666666663,215,41741
165,44.94796350472503,Atlantis-v0,1500.0,60100.0,31644.549019607817,277,43253
166,45.04544266899427,Boxing-v0,-100.0,17.666666666666668,-9.51689708141321,218,43054
166,45.1214095931583,Alien-v0,0.0,530.0,248.18740399385544,215,41741
166,45.20852381653256,Atlantis-v0,1500.0,66533.33333333333,32769.89247311828,149,43537
166,45.30319631126192,BattleZone-v0,0.0,18000.0,7258.832565284179,248,43282
167,45.38230101532406,Alien-v0,0.0,540.0,247.93911007025793,215,43821
167,45.462741607228914,Atlantis-v0,1500.0,66533.33333333333,32203.590944574553,149,43537
167,45.54926346560319,BattleZone-v0,0.0,18000.0,7733.801717408277,248,43282
167,45.64968989710013,Asteroids-v0,106.66666666666667,3253.3333333333335,1273.5206869633103,216,43313
168,45.74170175472895,Atlantis-v0,1500.0,66533.33333333333,32572.877358490565,149,43537
168,45.82701456705729,BattleZone-v0,0.0,18000.0,7577.830188679248,248,43282
168,45.904699250857036,Asteroids-v0,90.0,3253.3333333333335,1474.1745283018856,216,43313
168,46.01022378729449,Boxing-v0,-100.0,17.666666666666668,-10.744496855345917,218,43054
169,46.10056400464641,BattleZone-v0,0.0,18000.0,8060.747663551404,248,43282
169,46.17133293370406,Asteroids-v0,100.0,3253.3333333333335,1456.9080996884736,216,43313
169,46.255739044348395,Boxing-v0,-100.0,17.666666666666668,-9.32554517133956,218,43054
169,46.36066122266981,BankHeist-v0,0.0,76.66666666666667,13.808411214953288,275,44283
170,46.44238038917383,Asteroids-v0,100.0,3676.6666666666665,1500.3763440860232,215,40169
170,46.52914906952116,Boxing-v0,-100.0,17.666666666666668,-9.821044546850997,218,43054
170,46.61927348838912,BankHeist-v0,0.0,76.66666666666667,15.153609831029183,275,44283
170,46.74788762582673,Bowling-v0,0.0,100.66666666666667,44.259600614439336,234,44568
171,46.84147221326828,Boxing-v0,-100.0,17.666666666666668,-9.948165869218503,218,43054
171,46.92521500726541,BankHeist-v0,0.0,76.66666666666667,15.99681020733653,275,44283
171,47.01912149045202,Bowling-v0,0.0,110.33333333333333,46.485645933014375,226,43200
171,47.115848019984035,BattleZone-v0,0.0,18000.0,7219.298245614033,248,43282
172,47.21954547305902,BankHeist-v0,0.0,76.66666666666667,15.899843505477321,275,44283
172,47.31909059392081,Bowling-v0,0.0,110.33333333333333,46.464006259780874,226,43200
172,47.41186644481288,BattleZone-v0,0.0,18000.0,7517.996870109545,248,43282
172,47.50505066030555,Alien-v0,0.0,566.6666666666666,242.38654147104842,273,44912
173,47.608506090905934,Bowling-v0,0.0,110.33333333333333,45.45003813882533,226,43200
173,47.694932870599956,BattleZone-v0,0.0,19333.333333333332,7858.123569794053,257,45334
173,47.77669841547807,Alien-v0,0.0,566.6666666666666,245.97254004576672,273,44912
173,47.87883109953668,Asteroids-v0,110.0,3413.3333333333335,1413.768115942029,278,45321
174,47.971264067689575,BattleZone-v0,0.0,19333.333333333332,7507.861635220136,257,45334
174,48.04661659273836,Alien-v0,0.0,566.6666666666666,249.33176100628947,273,44912
174,48.1235263786051,Asteroids-v0,100.0,3413.3333333333335,1470.3066037735848,278,45321
174,48.23252022253143,Atlantis-v0,1500.0,62133.333333333336,30597.87735849056,278,45439
175,48.31761433813307,Alien-v0,0.0,566.6666666666666,250.0542635658915,273,44912
175,48.39748144520654,Asteroids-v0,100.0,4123.333333333333,1500.9922480620155,250,45736
175,48.48848166028659,Atlantis-v0,1500.0,66533.33333333333,32002.86821705426,149,43537
175,48.60250405775176,Centipede-v0,165.0,15593.666666666666,7597.723255813952,113,43061
176,48.683852292630405,Asteroids-v0,100.0,4123.333333333333,1533.4905660377372,250,45736
176,48.76832680245241,Atlantis-v0,1500.0,66533.33333333333,33236.24213836479,149,43537
176,48.85288757549392,Centipede-v0,160.0,15593.666666666666,7956.554245283019,113,43061
176,48.9556499379211,BattleZone-v0,0.0,18000.0,7319.18238993711,248,43282
177,49.04587790184551,Atlantis-v0,1500.0,66533.33333333333,35091.7054263566,149,43537
177,49.13237473461363,Centipede-v0,165.0,16842.666666666668,8202.238759689915,215,46149
177,49.22281490047773,BattleZone-v0,0.0,18333.333333333332,7802.325581395352,111,41149
177,49.31083619276683,Alien-v0,0.0,536.6666666666666,249.02325581395343,243,45668
178,49.40216322190232,Centipede-v0,165.0,16842.666666666668,8217.719257540606,215,46149
178,49.4855147128635,BattleZone-v0,0.0,18333.333333333332,7901.005413766444,111,41149
178,49.56166428632206,Alien-v0,0.0,536.6666666666666,248.6310904872391,243,45668
178,49.65497452828619,Asteroids-v0,100.0,4196.666666666667,1435.7385924207288,216,39218
179,49.76148875733217,BattleZone-v0,0.0,18333.333333333332,7677.519379844957,111,41149
179,49.839751431147256,Alien-v0,0.0,536.6666666666666,245.92248062015494,243,45668
179,49.92048659033245,Asteroids-v0,106.66666666666667,4196.666666666667,1498.5038759689935,216,39218
179,50.03572150786718,BankHeist-v0,0.0,90.0,13.387596899224803,150,46750
180,50.120881496932775,Alien-v0,0.0,546.6666666666666,250.1432880844646,218,46704
180,50.20146266480287,Asteroids-v0,110.0,4196.666666666667,1536.6440422322787,216,39218
180,50.29679663234287,BankHeist-v0,0.0,90.0,14.999999999999998,150,46750
180,50.408439014222886,Atlantis-v0,1500.0,58966.666666666664,33369.38159879336,151,46936
181,50.49382491264078,Asteroids-v0,110.0,4196.666666666667,1551.5760441292355,216,39218
181,50.58509628123707,BankHeist-v0,0.0,90.0,16.989755713159983,150,46750
181,50.67234513011243,Atlantis-v0,1500.0,64666.666666666664,33964.14499605988,105,47277
181,50.7701453205612,BattleZone-v0,0.0,17666.666666666668,7500.394011032311,133,47215
182,50.86576564444436,BankHeist-v0,0.0,90.0,18.049728049728063,150,46750
182,50.95246426211463,Atlantis-v0,1500.0,64666.666666666664,34619.58041958041,105,47277
182,51.03748454319106,BattleZone-v0,0.0,17666.666666666668,7631.701631701629,133,47215
182,51.16217516256703,Bowling-v0,0.0,98.0,40.81041181041183,222,47560
183,51.25024620592594,Atlantis-v0,1500.0,64666.666666666664,33939.78494623655,105,47277
183,51.333466690646276,BattleZone-v0,0.0,17666.666666666668,7606.758832565291,133,47215
183,51.43143456876278,Bowling-v0,0.0,107.0,41.61751152073732,236,39829
183,51.55648209929466,Boxing-v0,-100.0,13.333333333333334,-12.051459293394787,238,46737
184,51.64923175242212,BattleZone-v0,0.0,17666.666666666668,7643.867924528301,133,47215
184,51.74283689988984,Bowling-v0,0.0,109.33333333333333,45.45283018867924,230,47945
184,51.83275621758567,Boxing-v0,-100.0,19.666666666666668,-10.041666666666673,259,48089
184,51.93373604244656,Asteroids-v0,100.0,3440.0,1447.8144654088053,339,46653
185,52.03366005798181,Bowling-v0,0.0,109.33333333333333,50.2312599681021,230,47945
185,52.12292046732373,Boxing-v0,-100.0,19.666666666666668,-9.072567783094097,259,48089
185,52.19978237522973,Asteroids-v0,100.0,3440.0,1510.0877192982455,339,46653
185,52.317747323844166,BankHeist-v0,0.0,60.0,11.794258373205738,278,47729
186,52.417457511756155,Boxing-v0,-100.0,19.666666666666668,-8.481909160892988,259,48089
186,52.4960057544046,Asteroids-v0,110.0,3440.0,1535.3502694380288,339,46653
186,52.5900783620278,BankHeist-v0,0.0,60.0,13.63356428021556,278,47729
186,52.699316238032445,Atlantis-v0,1500.0,62366.666666666664,31745.419553502696,150,48366
187,52.78015887359778,Asteroids-v0,110.0,4196.666666666667,1541.1532385466037,216,39218
187,52.87055331574546,BankHeist-v0,0.0,60.0,15.655608214849932,278,47729
187,52.95385561711258,Atlantis-v0,1500.0,62366.666666666664,33290.679304897305,150,48366
187,53.059678652948804,Bowling-v0,0.0,100.66666666666667,46.324644549763,218,48046
188,53.15764742341307,BankHeist-v0,0.0,60.0,16.358737490377216,278,47729
188,53.2476128537125,Atlantis-v0,1500.0,63300.0,33156.19707467284,96,49116
188,53.34591839154562,Bowling-v0,0.0,100.66666666666667,44.053117782909965,218,48046
188,53.45281261397733,Boxing-v0,-100.0,14.666666666666666,-11.642032332563506,216,39218
189,53.544058094819384,Atlantis-v0,1500.0,63300.0,33415.25553012966,96,49116
189,53.64137626667817,Bowling-v0,0.0,104.0,46.847444698703285,297,49270
189,53.73303363687462,Boxing-v0,-100.0,14.666666666666666,-8.61479786422578,216,39218
189,53.85102608455552,BattleZone-v0,0.0,16333.333333333334,7025.171624713963,150,49196
190,53.964350094066724,Bowling-v0,0.0,104.0,47.11217183770881,297,49270
190,54.065250537925294,Boxing-v0,-100.0,14.666666666666666,-9.692919649960224,216,39218
190,54.14855762958527,BattleZone-v0,0.0,18666.666666666668,7459.824980111372,295,49581
190,54.258764140341015,Centipede-v0,158.33333333333334,15698.666666666666,7746.03102625298,249,49464
191,54.356787250373095,Boxing-v0,-100.0,14.666666666666666,-10.482704402515724,216,39218
191,54.44428357190556,BattleZone-v0,0.0,18666.666666666668,7323.899371069182,295,49581
191,54.53298994892173,Centipede-v0,165.0,16774.0,8106.255503144651,280,49926
191,54.639747904605336,Asteroids-v0,110.0,4196.666666666667,1520.039308176099,216,39218
192,54.73928737507926,BattleZone-v0,0.0,18666.666666666668,7414.519906323182,295,49581
192,54.82582802600331,Centipede-v0,165.0,16774.0,8142.377049180324,280,49926
192,54.91031919393274,Asteroids-v0,110.0,4196.666666666667,1587.27556596409,216,39218
192,55.0288788088825,Bowling-v0,0.0,100.66666666666667,47.09445745511317,218,48046
193,55.125423978235986,Centipede-v0,165.0,17130.0,8165.163137254901,298,50214
193,55.20885098722246,Asteroids-v0,110.0,4196.666666666667,1626.7372549019617,216,39218
193,55.31530146459738,Bowling-v0,0.0,100.66666666666667,47.36705882352942,218,48046
193,55.425070185065266,Boxing-v0,-100.0,21.0,-10.579607843137257,326,50419
194,55.516853773991265,Asteroids-v0,110.0,4196.666666666667,1648.5507246376808,216,39218
194,55.618657744791776,Bowling-v0,0.0,100.66666666666667,54.7810831426392,218,48046
194,55.72066519492202,Boxing-v0,-100.0,21.333333333333332,-8.331045003813884,259,50541
194,55.83616838130686,BankHeist-v0,0.0,60.0,8.077803203661329,284,50594
195,55.94078537199232,Bowling-v0,0.0,102.33333333333333,51.66743827160495,253,50931
195,56.03396091176404,Boxing-v0,-100.0,21.333333333333332,-7.750771604938272,259,50541
195,56.13090303672685,BankHeist-v0,0.0,60.0,11.805555555555555,278,47729
195,56.24575241201454,BattleZone-v0,0.0,19333.333333333332,6621.141975308637,93,50764
196,56.34433499839571,Boxing-v0,-100.0,21.333333333333332,-9.817972350230416,259,50541
196,56.43303152859211,BankHeist-v0,0.0,70.0,14.500768049155154,256,51212
196,56.5247526932425,BattleZone-v0,0.0,19333.333333333332,6880.184331797237,93,50764
196,56.63636146426201,Atlantis-v0,1500.0,63300.0,30495.698924731172,96,49116
197,56.740230200688046,BankHeist-v0,0.0,70.0,17.08237105465744,256,51212
197,56.83584715048472,BattleZone-v0,0.0,19666.666666666668,7549.653579676677,281,51368
197,56.93026903788249,Atlantis-v0,1500.0,63300.0,33966.89761354886,96,49116
197,57.03813312517272,Asteroids-v0,110.0,4013.3333333333335,1469.6150885296386,216,48936
198,57.13445872578356,BattleZone-v0,0.0,19666.666666666668,7905.330151153538,281,51368
198,57.220541295409205,Atlantis-v0,1500.0,63300.0,35216.54733492441,96,49116
198,57.29982544355922,Asteroids-v0,110.0,4013.3333333333335,1540.978520286397,216,48936
198,57.41924557473924,Bowling-v0,0.0,99.0,41.47096260938744,339,47920
199,57.51634153094557,Atlantis-v0,1500.0,63300.0,34539.28012519565,96,49116
199,57.59709139969614,Asteroids-v0,110.0,4013.3333333333335,1559.1627543035986,216,48936
199,57.695183006723724,Bowling-v0,0.0,100.66666666666667,43.45226917057903,217,51855
199,57.803614849911796,Alien-v0,0.0,540.0,242.57433489827875,261,51607
200,58.02372740765413,Asteroids-v0,80.0,4013.3333333333335,1652.038759689923,216,48936
200,58.12644213298957,Bowling-v0,0.0,103.0,48.68992248062012,263,52106
200,58.2147058314085,Alien-v0,0.0,540.0,250.0542635658914,261,51607
200,58.33040478958024,Centipede-v0,165.0,16154.333333333334,7617.590697674418,228,52213
201,58.444050188329484,Bowling-v0,0.0,103.0,56.51044083526681,263,52106
201,58.53595624930329,Alien-v0,0.0,540.0,263.5808197989174,261,51607
201,58.63572196106116,Centipede-v0,165.0,16774.0,8193.196442382057,151,52410
201,58.75491209672557,Atlantis-v0,1500.0,63300.0,29066.976024748663,96,49116
202,58.84570530931155,Alien-v0,0.0,540.0,265.29775715390565,261,51607
202,58.935262826018864,Centipede-v0,158.33333333333334,16774.0,8417.163186388249,151,52410
202,59.02591838955879,Atlantis-v0,1500.0,63300.0,29622.81515854601,96,49116
202,59.14085105703937,BattleZone-v0,0.0,17333.333333333332,6092.8074245939715,324,52727
203,59.24441544221507,Centipede-v0,165.0,16774.0,8036.260563380284,151,52410
203,59.33817192335923,Atlantis-v0,1500.0,63300.0,31698.904538341147,96,49116
203,59.43656000051234,BattleZone-v0,0.0,17333.333333333332,6917.057902973398,324,52727
203,59.55562111291621,Bowling-v0,0.0,109.66666666666667,48.158841940532035,390,52823
204,59.65573576298025,Atlantis-v0,1500.0,63300.0,32236.18368962788,96,49116
204,59.75126920296086,BattleZone-v0,0.0,17333.333333333332,7178.939034045921,324,52727
204,59.854669936498006,Bowling-v0,0.0,109.66666666666667,48.92794932699921,390,52823
204,59.95775541557206,Alien-v0,0.0,540.0,244.1884402216943,261,51607
205,60.05697802854909,BattleZone-v0,0.0,17333.333333333332,6933.179723502314,324,52727
205,60.15465256684356,Bowling-v0,0.0,109.66666666666667,52.86328725038401,390,52823
205,60.238447340395716,Alien-v0,0.0,550.0,255.1075268817206,343,53470
205,60.347636998229554,Centipede-v0,165.0,15949.666666666666,7985.748079877106,351,52857
206,60.456355120076076,Bowling-v0,0.0,109.66666666666667,53.49961149961147,390,52823
206,60.546260812812385,Alien-v0,0.0,550.0,256.0683760683761,343,53470
206,60.644450787968104,Centipede-v0,161.33333333333334,15949.666666666666,7832.627816627816,351,52857
206,60.75382347424825,Atlantis-v0,1500.0,63300.0,30762.39316239317,96,49116
207,60.84612809419632,Alien-v0,0.0,550.0,263.81913303437966,343,53470
207,60.94060988359981,Centipede-v0,161.33333333333334,15949.666666666666,8433.788490284012,351,52857
207,61.03412499917878,Atlantis-v0,1500.0,63300.0,30112.85500747381,96,49116
207,61.15418145868513,BattleZone-v0,0.0,16666.666666666668,6544.0956651719,231,53945
208,61.258566422462465,Centipede-v0,165.0,15949.666666666666,8590.136150234739,351,52857
208,61.355688325365385,Atlantis-v0,1500.0,63300.0,32761.81533646324,96,49116
208,61.45629259937339,BattleZone-v0,0.0,19333.333333333332,7270.735524256649,168,54303
208,61.57204324040148,Asteroids-v0,110.0,4056.6666666666665,1516.1111111111118,327,53819
209,61.67522457003594,Atlantis-v0,1500.0,63300.0,32496.11499611504,96,49116
209,61.76986352801323,BattleZone-v0,0.0,19333.333333333332,7309.246309246313,168,54303
209,61.86274508078893,Asteroids-v0,110.0,4056.6666666666665,1584.0248640248653,327,53819
209,62.002495303286445,Bowling-v0,0.0,107.0,47.55788655788656,215,54496
210,62.10632746034198,BattleZone-v0,0.0,19333.333333333332,7546.728971962618,168,54303
210,62.19629903025098,Asteroids-v0,110.0,4056.6666666666665,1642.780373831778,327,53819
210,62.29672730233934,Bowling-v0,0.0,107.0,50.27024922118375,215,54496
210,62.4153164463573,Alien-v0,0.0,510.0,249.81308411214954,259,54132
211,62.51132474819819,Asteroids-v0,110.0,4056.6666666666665,1670.2185792349726,327,53819
211,62.618766316771506,Bowling-v0,0.0,108.66666666666667,52.0999219359875,290,54909
211,62.71169558982054,Alien-v0,0.0,903.3333333333334,251.0694769711164,315,54993
211,62.84406490299437,BankHeist-v0,0.0,50.0,9.016393442622956,157,54627
212,62.94952975445324,Bowling-v0,0.0,109.0,51.93302540415698,242,55186
212,63.03552865386009,Alien-v0,0.0,903.3333333333334,255.01924557351822,315,54993
212,63.136347088747556,BankHeist-v0,0.0,50.0,11.578137028483443,157,54627
212,63.27828583690855,Boxing-v0,-100.0,12.666666666666666,-8.779060816012317,295,55053
213,63.391300306982465,Alien-v0,0.0,903.3333333333334,262.1428571428572,315,54993
213,63.505632729729015,BankHeist-v0,0.0,53.333333333333336,12.817460317460318,331,55505
213,63.60106188714504,Boxing-v0,-100.0,21.0,-9.292857142857144,326,50419
213,63.70447876804405,Asteroids-v0,110.0,3763.3333333333335,1559.0079365079366,354,54310
214,63.82493034561475,BankHeist-v0,0.0,56.666666666666664,12.737254901960783,294,55685
214,63.928235292633374,Boxing-v0,-100.0,21.0,-7.553725490196077,326,50419
214,64.01936336510711,Asteroids-v0,100.0,3763.3333333333335,1650.839215686274,354,54310
214,64.14076056884394,Centipede-v0,165.0,15949.666666666666,8147.003137254899,287,55737
215,64.25645490613249,Boxing-v0,-100.0,21.0,-10.229938271604938,326,50419
215,64.35024674726857,Asteroids-v0,100.0,3763.3333333333335,1537.7083333333317,354,54310
215,64.45574355893665,Centipede-v0,165.0,16774.0,8280.607253086418,151,55863
215,64.56860449956523,Alien-v0,0.0,553.3333333333334,242.82407407407442,214,54912
216,64.67352226244078,Asteroids-v0,110.0,3763.3333333333335,1594.593114241002,354,54310
216,64.78021965801716,Centipede-v0,153.33333333333334,16774.0,8265.670579029738,151,55863
216,64.8783635941479,Alien-v0,0.0,553.3333333333334,247.53521126760546,214,54912
216,65.00979245093134,Bowling-v0,0.0,118.0,52.99608763693273,356,56059
217,65.12440454675091,Centipede-v0,160.0,16774.0,8158.964423820578,151,55863
217,65.2241151153379,Alien-v0,0.0,553.3333333333334,258.2830626450115,214,54912
217,65.34481625709269,Bowling-v0,0.0,118.0,59.24129930394428,356,56059
217,65.47665836241511,Atlantis-v0,1500.0,60866.666666666664,25821.50038669761,277,56541
218,65.57441986719768,Alien-v0,0.0,553.3333333333334,269.20031670625514,214,54912
