tpgGen,hoursElapsed,envName,tpgMin,tpgMax,tpgAvg,eliteSize,eliteUid
0,0.051686694886949325,Alien-v0,0.0,333.3333333333333,60.375,6,22
0,0.09712779766983456,Asteroids-v0,90.0,3856.6666666666665,256.95,6,86
0,0.13550407045417362,Atlantis-v0,1500.0,30366.666666666668,1796.1666666666665,6,156
0,0.38025219718615216,BankHeist-v0,0.0,50.0,0.6750000000000002,6,301
0,0.553205561571651,BattleZone-v0,0.0,13000.0,1855.8333333333328,6,202
0,0.8690496687756645,Bowling-v0,0.0,31.0,1.4108333333333332,6,230
0,1.0039560723304748,Boxing-v0,-100.0,2.6666666666666665,-45.74583333333334,6,20
0,1.0714954390790727,Centipede-v0,153.33333333333334,19297.333333333332,2654.185,6,288
1,1.117860915131039,Alien-v0,0.0,333.3333333333333,68.64505403158772,6,22
1,1.1544582908683354,Asteroids-v0,90.0,3856.6666666666665,215.41978387364924,6,86
1,1.1889683664507336,Atlantis-v0,1500.0,41000.0,2036.7414796342475,6,506
1,1.4085836577415467,BankHeist-v0,0.0,50.0,0.5569409808811305,6,301
1,1.549481524096595,BattleZone-v0,0.0,16000.0,2068.9941812136326,6,494
1,1.8217308555046718,Bowling-v0,0.0,38.333333333333336,1.369908561928512,6,439
1,1.9341739489634833,Boxing-v0,-100.0,2.6666666666666665,-46.545303408146296,6,20
1,1.9874697825643752,Centipede-v0,158.33333333333334,19297.333333333332,2471.5004156275986,6,288
2,2.0375636196136475,Alien-v0,0.0,680.0,62.418745275888135,6,766
2,2.076721918516689,Asteroids-v0,90.0,3856.6666666666665,214.98866213151936,6,86
2,2.1159752151038913,Atlantis-v0,1500.0,41000.0,2286.6969009826153,6,506
2,2.356157508360015,BankHeist-v0,0.0,50.0,0.5366591080876795,6,301
2,2.4985337214337453,BattleZone-v0,0.0,16000.0,1977.3242630385478,6,494
2,2.777959075106515,Bowling-v0,0.0,38.333333333333336,2.054421768707483,6,439
2,2.9009872766335807,Boxing-v0,-100.0,4.0,-46.39304610733183,21,1121
2,2.9636065647999446,Centipede-v0,158.66666666666666,19297.333333333332,2584.4263038548743,6,288
3,3.015655596587393,Alien-v0,0.0,680.0,66.6809421841542,6,766
3,3.0560672189791998,Asteroids-v0,80.0,3856.6666666666665,222.19129193433255,6,86
3,3.090045634243223,Atlantis-v0,1500.0,41000.0,2094.5039257673093,6,506
3,3.313361480169826,BankHeist-v0,0.0,50.0,0.7423269093504639,6,301
3,3.4520234257645077,BattleZone-v0,0.0,16000.0,2184.154175588865,6,494
3,3.733389202753703,Bowling-v0,0.0,41.333333333333336,1.2648108493932906,6,1325
3,3.85519307229254,Boxing-v0,-100.0,4.0,-44.59172019985723,21,1121
3,3.9146050463782416,Centipede-v0,158.66666666666666,19297.333333333332,2461.737330478228,6,288
4,3.9612508975134957,Alien-v0,0.0,680.0,65.40229885057472,6,766
4,4.00037994020515,Asteroids-v0,90.0,3856.6666666666665,204.33189655172413,6,86
4,4.034007281727261,Atlantis-v0,1500.0,41000.0,2155.3879310344823,6,506
4,4.239469095203612,BankHeist-v0,0.0,50.0,0.5962643678160918,6,301
4,4.370014522274335,BattleZone-v0,0.0,16000.0,2073.275862068965,6,494
4,4.640410714215703,Bowling-v0,0.0,41.333333333333336,1.7485632183908046,6,1325
4,4.752456728087531,Boxing-v0,-100.0,4.0,-48.6271551724138,21,1121
4,4.808805419405301,Centipede-v0,158.66666666666666,19297.333333333332,2458.361350574713,6,288
5,4.862155978812112,Alien-v0,0.0,680.0,66.14074074074075,6,766
5,4.9029794893662135,Asteroids-v0,90.0,3856.6666666666665,213.90370370370385,6,86
5,4.9393688568141725,Atlantis-v0,1500.0,44800.0,2268.000000000001,6,2114
5,5.155713086393145,BankHeist-v0,0.0,50.0,0.5999999999999999,6,301
5,5.291645947429869,BattleZone-v0,0.0,16000.0,2077.037037037038,6,494
5,5.569731615516875,Bowling-v0,0.0,41.333333333333336,1.417037037037037,6,1325
5,5.68621122625139,Boxing-v0,-100.0,4.0,-44.89333333333333,21,1121
5,5.747121577792697,Centipede-v0,158.66666666666666,19297.333333333332,2488.034814814816,6,288
6,5.796054033173455,Alien-v0,0.0,680.0,63.13978494623657,6,766
6,5.839271641638544,Asteroids-v0,90.0,3856.6666666666665,208.03584229390694,6,86
6,5.872851140167978,Atlantis-v0,1500.0,44800.0,2063.512544802869,6,2114
6,6.111249745620621,BankHeist-v0,0.0,50.0,0.752688172043011,6,301
6,6.242397193643782,BattleZone-v0,0.0,16000.0,1906.0931899641569,6,494
6,6.526041387650702,Bowling-v0,0.0,62.0,1.9870967741935484,15,2213
6,6.645251302851571,Boxing-v0,-100.0,4.0,-45.320430107526896,21,1121
6,6.706807553304566,Centipede-v0,139.33333333333334,20646.666666666668,2441.5311827957,11,2469
7,6.759398420585526,Alien-v0,0.0,680.0,64.79885057471266,6,766
7,6.801156720585293,Asteroids-v0,90.0,3856.6666666666665,218.3045977011495,6,86
7,6.833890033562978,Atlantis-v0,1500.0,44800.0,2250.0,6,2114
7,7.064978173573812,BankHeist-v0,0.0,50.0,0.7543103448275862,6,301
7,7.196414979034,BattleZone-v0,0.0,16000.0,2091.235632183907,6,494
7,7.484581363267369,Bowling-v0,0.0,62.0,2.0804597701149423,15,2213
7,7.603037674360805,Boxing-v0,-100.0,4.0,-48.31681034482755,21,1121
7,7.663094069825278,Centipede-v0,156.66666666666666,20646.666666666668,2488.5689655172405,11,2469
8,7.7105193862650125,Alien-v0,0.0,680.0,69.03043170559097,6,766
8,7.753573080367512,Asteroids-v0,90.0,3856.6666666666665,231.91082802547763,6,86
8,7.788419801460372,Atlantis-v0,1500.0,52333.333333333336,2354.0693559801844,11,3177
8,8.024789600570996,BankHeist-v0,0.0,50.0,0.7926397735314933,6,301
8,8.163978283405305,BattleZone-v0,0.0,16000.0,1951.8754423213015,6,494
8,8.443645165628856,Bowling-v0,0.0,62.0,1.7636234961075727,15,2213
8,8.561254031856855,Boxing-v0,-100.0,7.333333333333333,-45.67232837933475,6,3193
8,8.618112150033316,Centipede-v0,156.66666666666666,20646.666666666668,2444.070771408351,11,2469
9,8.667794383300675,Alien-v0,0.0,680.0,65.02530730296458,6,766
9,8.706836774018075,Asteroids-v0,90.0,3856.6666666666665,241.6341287057123,6,86
9,8.741378957894113,Atlantis-v0,1500.0,52333.333333333336,2039.9855386840197,11,3177
9,8.963545251753596,BankHeist-v0,0.0,50.0,0.8604483007953723,6,301
9,9.094216510587268,BattleZone-v0,0.0,16000.0,1825.741142443963,6,494
9,9.369311739140088,Bowling-v0,0.0,62.0,1.9428778018799713,15,2213
9,9.486314312087165,Boxing-v0,-100.0,7.333333333333333,-47.05856832971801,6,3193
9,9.544655487802293,Centipede-v0,150.0,20646.666666666668,2459.07736804049,11,2469
10,9.595397993392414,Alien-v0,0.0,680.0,64.44933920704847,6,766
10,9.635190325776735,Asteroids-v0,80.0,3856.6666666666665,221.2775330396475,6,86
10,9.672609431942304,Atlantis-v0,1500.0,52333.333333333336,2378.1938325991196,11,3177
10,9.886517353190316,BankHeist-v0,0.0,50.0,0.7121879588839942,6,301
10,10.027774435745345,BattleZone-v0,0.0,16000.0,1945.668135095449,6,494
10,10.297574711971812,Bowling-v0,0.0,62.0,2.074155653450808,15,2213
10,10.413666865362062,Boxing-v0,-100.0,7.333333333333333,-47.15345080763583,6,3193
10,10.466906759937604,Centipede-v0,158.66666666666666,20646.666666666668,2466.93906020558,11,2469
11,10.51693921426932,Alien-v0,0.0,680.0,68.00293685756242,6,766
11,10.55931874083148,Asteroids-v0,90.0,4116.666666666667,267.5624082232013,11,4117
11,10.594373201860321,Atlantis-v0,1500.0,52333.333333333336,2060.499265785609,11,3177
11,10.824256989161173,BankHeist-v0,0.0,50.0,0.7709251101321586,6,301
11,10.96236476706134,BattleZone-v0,0.0,18666.666666666668,2016.886930983848,6,4119
11,11.240096926755376,Bowling-v0,0.0,91.33333333333333,2.4816446402349484,6,3893
11,11.351523935993512,Boxing-v0,-100.0,7.333333333333333,-46.19676945668134,6,3193
11,11.411023917264409,Centipede-v0,158.66666666666666,20646.666666666668,2376.312775330396,11,2469
12,11.460327363345359,Alien-v0,0.0,680.0,69.45984363894812,6,766
12,11.502062316338222,Asteroids-v0,80.0,4210.0,263.74555792466265,6,4313
12,11.53530607700348,Atlantis-v0,1500.0,52333.333333333336,2354.7263681592053,11,3177
12,11.753469434777896,BankHeist-v0,0.0,50.0,0.8457711442786068,6,301
12,11.888390134837893,BattleZone-v0,0.0,18666.666666666668,2176.2615493958783,6,4119
12,12.155748663014835,Bowling-v0,0.0,91.33333333333333,2.3503909026297083,6,3893
12,12.269984502328766,Boxing-v0,-100.0,7.333333333333333,-47.06751954513149,6,3193
12,12.334793768525124,Centipede-v0,150.0,20646.666666666668,2710.804548685142,11,2469
13,12.383227207130856,Alien-v0,0.0,680.0,69.72893772893774,6,766
13,12.425391934778956,Asteroids-v0,100.0,4210.0,234.05860805860817,6,4313
13,12.456409634086821,Atlantis-v0,1500.0,52333.333333333336,2278.827838827839,11,3177
13,12.68486511223846,BankHeist-v0,0.0,50.0,0.7912087912087913,6,301
13,12.850875676274299,BattleZone-v0,0.0,18666.666666666668,2002.9304029304037,6,4119
13,13.125159055193265,Bowling-v0,0.0,91.33333333333333,1.6776556776556777,6,3893
13,13.244008472694292,Boxing-v0,-100.0,7.333333333333333,-45.649084249084254,6,3193
13,13.302635086973508,Centipede-v0,163.33333333333334,20646.666666666668,2283.89304029304,11,2469
14,13.34868709994687,Alien-v0,0.0,680.0,65.2704678362573,6,766
14,13.390315827462409,Asteroids-v0,90.0,4210.0,240.89912280701765,6,4313
14,13.42432244890266,Atlantis-v0,1500.0,52333.333333333336,2540.204678362572,11,3177
14,13.647449260354042,BankHeist-v0,0.0,50.0,0.7309941520467835,6,301
14,13.793134487403764,BattleZone-v0,0.0,18666.666666666668,1852.3391812865495,6,4119
14,14.065768943097856,Bowling-v0,0.0,91.33333333333333,1.7668128654970758,6,3893
14,14.184206084741486,Boxing-v0,-100.0,7.333333333333333,-47.46345029239763,6,3193
14,14.240609396033816,Centipede-v0,158.66666666666666,20646.666666666668,2554.1016081871335,11,2469
15,14.291287504235903,Alien-v0,0.0,680.0,68.56938483547926,6,766
15,14.336897402207057,Asteroids-v0,80.0,4210.0,212.41058655221747,6,4313
15,14.374265203409724,Atlantis-v0,1500.0,52333.333333333336,2498.283261802575,11,3177
15,14.589000899924173,BankHeist-v0,0.0,50.0,0.7653791130185981,6,301
15,14.709294918908013,BattleZone-v0,0.0,18666.666666666668,2169.5278969957076,6,4119
15,14.998106507394048,Bowling-v0,0.0,91.33333333333333,2.1723891273247498,6,3893
15,15.114383894337548,Boxing-v0,-100.0,7.333333333333333,-47.661659513590855,6,3193
15,15.180770967933867,Centipede-v0,155.33333333333334,20646.666666666668,2547.707439198855,11,2469
16,15.231855428417523,Alien-v0,0.0,680.0,68.19839533187454,6,766
16,15.274109102222654,Asteroids-v0,100.0,5310.0,225.9299781181621,6,5791
16,15.3083848575751,Atlantis-v0,1500.0,52333.333333333336,2080.6710430342814,11,3177
16,15.531908719009824,BankHeist-v0,0.0,50.0,0.787746170678337,6,301
16,15.684281471239196,BattleZone-v0,0.0,21666.666666666668,1927.0605397520062,6,5934
16,15.95736706674099,Bowling-v0,0.0,91.33333333333333,2.6936542669584247,6,3893
16,16.07162179655499,Boxing-v0,-100.0,8.0,-46.716994894237814,11,5776
16,16.133241944710413,Centipede-v0,158.66666666666666,20646.666666666668,2354.151714077315,11,2469
17,16.18191337943077,Alien-v0,0.0,680.0,66.86912509038322,6,766
17,16.223817885716755,Asteroids-v0,90.0,5310.0,258.3369486623283,6,5791
17,16.25595961511135,Atlantis-v0,1500.0,52333.333333333336,2158.7129428778017,11,3177
17,16.47697299261888,BankHeist-v0,0.0,50.0,0.737527114967462,6,301
17,16.60522993988461,BattleZone-v0,0.0,24000.0,2115.690527838034,6,6036
17,16.868532772262892,Bowling-v0,0.0,91.33333333333333,2.593637020968908,6,3893
17,16.979559055897926,Boxing-v0,-100.0,8.0,-47.409978308026034,11,5776
17,17.042161401444012,Centipede-v0,150.0,20646.666666666668,2829.449746926967,11,2469
18,17.093728321856922,Alien-v0,0.0,680.0,65.92274678111589,6,766
18,17.135360368556448,Asteroids-v0,90.0,5310.0,249.6137339055794,6,5791
18,17.168722124298412,Atlantis-v0,1500.0,52333.333333333336,2134.9785407725326,11,3177
18,17.399276578293907,BankHeist-v0,0.0,50.0,0.6008583690987125,6,301
18,17.57177858789762,BattleZone-v0,0.0,24000.0,2029.3276108726743,6,6036
18,17.85804115759002,Bowling-v0,0.0,91.33333333333333,2.2825464949928467,6,3893
18,17.9807303542561,Boxing-v0,-100.0,8.0,-45.43991416309013,11,5776
18,18.03957354194588,Centipede-v0,158.66666666666666,20646.666666666668,2427.6766809728165,11,2469
19,18.084911123050585,Alien-v0,0.0,680.0,70.25035765379114,6,766
19,18.12749855770005,Asteroids-v0,100.0,5310.0,249.2489270386267,6,5791
19,18.162375595437155,Atlantis-v0,1500.0,52333.333333333336,2120.1716738197424,11,3177
19,18.380926475259994,BankHeist-v0,0.0,50.0,0.8369098712446352,6,301
19,18.521612971888647,BattleZone-v0,0.0,24000.0,2251.0729613733906,6,6036
19,18.79204415758451,Bowling-v0,0.0,91.33333333333333,2.143776824034335,6,3893
19,18.908859641816882,Boxing-v0,-100.0,8.0,-44.405579399141615,11,5776
19,18.969742305146323,Centipede-v0,158.66666666666666,20646.666666666668,2708.2346208869803,11,2469
20,19.013988224201732,Alien-v0,0.0,680.0,68.45315904139434,6,766
20,19.056958702603975,Asteroids-v0,100.0,5310.0,243.79084967320244,6,5791
20,19.09123068643941,Atlantis-v0,1500.0,52333.333333333336,2366.594045025417,11,3177
20,19.304870602819655,BankHeist-v0,0.0,50.0,1.154684095860566,6,301
20,19.45784184243944,BattleZone-v0,0.0,24000.0,2076.2527233115466,6,6036
20,19.735520582199097,Bowling-v0,0.0,91.33333333333333,2.035584604212055,6,3893
20,19.853020150595242,Boxing-v0,-100.0,8.0,-47.079157588961515,11,5776
20,19.917421685324776,Centipede-v0,158.33333333333334,20646.666666666668,2582.6630355846064,11,2469
21,19.963583510385618,Alien-v0,0.0,680.0,71.95175438596492,6,766
21,20.005240048501225,Asteroids-v0,100.0,5310.0,236.52777777777789,6,5791
21,20.038944707247946,Atlantis-v0,1500.0,59466.666666666664,2517.8362573099407,6,7627
21,20.246005390617583,BankHeist-v0,0.0,50.0,0.7309941520467838,6,301
21,20.39863925980197,BattleZone-v0,0.0,24000.0,2135.964912280701,6,6036
21,20.66780170665847,Bowling-v0,0.0,91.33333333333333,2.098684210526316,6,3893
21,20.785277892549832,Boxing-v0,-100.0,8.0,-44.31432748538011,11,5776
21,20.844856854544744,Centipede-v0,150.0,20646.666666666668,2643.9517543859643,11,2469
22,20.89753559231758,Alien-v0,0.0,680.0,64.2483660130719,6,766
22,20.93905869623025,Asteroids-v0,100.0,5310.0,214.8874364560641,6,5791
22,20.977040674752658,Atlantis-v0,1500.0,59466.666666666664,2334.8583877995657,6,7627
22,21.200771481990813,BankHeist-v0,0.0,50.0,0.8278867102396513,6,301
22,21.33886089450783,BattleZone-v0,0.0,24000.0,2152.5054466230945,6,6036
22,21.618230910367437,Bowling-v0,0.0,91.33333333333333,1.665940450254176,6,3893
22,21.736591270367306,Boxing-v0,-100.0,8.666666666666666,-47.69862018881629,6,7979
22,21.79404865629143,Centipede-v0,153.33333333333334,20646.666666666668,2713.2316630355836,11,2469
23,21.846805373628936,Alien-v0,0.0,680.0,69.78985507246377,6,766
23,21.89025496390131,Asteroids-v0,100.0,5310.0,248.47101449275362,6,5791
23,21.925103519757588,Atlantis-v0,1500.0,59466.666666666664,2135.6521739130435,6,7627
23,22.152181059386994,BankHeist-v0,0.0,50.0,0.6739130434782608,6,301
23,22.28843883295854,BattleZone-v0,0.0,24000.0,2243.4782608695646,6,6036
23,22.561157817906803,Bowling-v0,0.0,91.33333333333333,2.8398550724637683,6,3893
23,22.680229358474413,Boxing-v0,-100.0,8.666666666666666,-47.08985507246382,6,7979
23,22.738622651232614,Centipede-v0,155.0,20646.666666666668,2621.2181159420284,11,2469
24,22.791463322440784,Alien-v0,0.0,680.0,66.87943262411348,6,766
24,22.83681112541093,Asteroids-v0,90.0,5310.0,274.88652482269515,6,5791
24,22.874795523020957,Atlantis-v0,1500.0,59466.666666666664,2219.007092198582,6,7627
24,23.082507396207916,BankHeist-v0,0.0,50.0,0.5744680851063828,6,301
24,23.221303484108713,BattleZone-v0,0.0,24000.0,2048.936170212767,6,6036
24,23.505348062051667,Bowling-v0,0.0,91.33333333333333,2.164539007092199,6,3893
24,23.62847764617867,Boxing-v0,-100.0,8.666666666666666,-47.79787234042551,6,7979
24,23.68672653529379,Centipede-v0,156.66666666666666,20646.666666666668,2728.595744680851,11,2469
25,23.737531843384108,Alien-v0,0.0,680.0,70.05710206995003,6,766
25,23.78205046137174,Asteroids-v0,90.0,5310.0,265.8672376873663,6,5791
25,23.817457168565856,Atlantis-v0,1500.0,59466.666666666664,2380.728051391864,6,7627
25,24.033494864702224,BankHeist-v0,0.0,50.0,0.8351177730192719,6,301
25,24.181653087801404,BattleZone-v0,0.0,24000.0,2014.9892933618853,6,6036
25,24.469942703644435,Bowling-v0,0.0,91.33333333333333,1.5160599571734474,6,3893
25,24.58280347108841,Boxing-v0,-100.0,8.666666666666666,-44.89507494646677,6,7979
25,24.643635983334647,Centipede-v0,158.66666666666666,20646.666666666668,2627.5945753033543,11,2469
26,24.69566121068266,Alien-v0,0.0,680.0,75.99571734475376,6,766
26,24.735128484831915,Asteroids-v0,90.0,5310.0,239.18629550321197,6,5791
26,24.766695806980135,Atlantis-v0,1500.0,59466.666666666664,2207.7801570306924,6,7627
26,24.97916009982427,BankHeist-v0,0.0,50.0,0.8493932905067809,6,301
26,25.10569949236181,BattleZone-v0,0.0,24000.0,2235.5460385438973,6,6036
26,25.383201103342905,Bowling-v0,0.0,91.33333333333333,1.7223411848679517,6,3893
26,25.494582408269245,Boxing-v0,-100.0,12.333333333333334,-45.813704496788,6,9216
26,25.555893447531595,Centipede-v0,162.33333333333334,20646.666666666668,2661.4675231977153,11,2469
27,25.605564097298515,Alien-v0,0.0,680.0,71.22538293216631,6,766
27,25.64719457017051,Asteroids-v0,100.0,5310.0,242.04959883296863,6,5791
27,25.682163786755666,Atlantis-v0,1500.0,59466.666666666664,2137.1261852662287,6,7627
27,25.907386253145006,BankHeist-v0,0.0,50.0,0.6783369803063458,6,301
27,26.036793249315686,BattleZone-v0,0.0,24000.0,2212.2538293216635,6,6036
27,26.305884579685,Bowling-v0,0.0,91.33333333333333,1.5178701677607587,6,3893
27,26.423962886068555,Boxing-v0,-100.0,12.333333333333334,-45.9781181619256,6,9216
27,26.47625493493345,Centipede-v0,160.0,20646.666666666668,2484.2764405543394,11,2469
28,26.527291232479943,Alien-v0,0.0,680.0,70.1376811594203,6,766
28,26.571913369231755,Asteroids-v0,80.0,5310.0,222.5072463768115,6,5791
28,26.608294748398993,Atlantis-v0,1500.0,59466.666666666664,2156.6666666666674,6,7627
28,26.83425144407484,BankHeist-v0,0.0,50.0,0.8768115942028986,6,301
28,26.972214941713545,BattleZone-v0,0.0,24000.0,2238.40579710145,6,6036
28,27.25842884335253,Bowling-v0,0.0,91.33333333333333,1.5949275362318842,6,3893
28,27.376965705156326,Boxing-v0,-100.0,12.333333333333334,-46.8463768115942,6,9216
28,27.438463900023038,Centipede-v0,158.66666666666666,20646.666666666668,2552.2166666666685,11,2469
29,27.48996842596266,Alien-v0,0.0,680.0,67.454412837345,6,766
29,27.530428660445743,Asteroids-v0,100.0,5310.0,241.29832239241446,6,5791
29,27.563348079853586,Atlantis-v0,1500.0,59466.666666666664,2314.369073668855,6,7627
29,27.783526595433553,BankHeist-v0,0.0,50.0,0.6126914660831508,6,301
29,27.932893023225997,BattleZone-v0,0.0,24000.0,2140.043763676149,6,6036
29,28.207066091630193,Bowling-v0,0.0,91.33333333333333,1.6805251641137855,6,3893
29,28.319265884492133,Boxing-v0,-100.0,12.333333333333334,-45.98395331874543,6,9216
29,28.3780716600683,Centipede-v0,156.66666666666666,20646.666666666668,2539.8067104303436,11,2469
30,28.42733186152246,Alien-v0,0.0,680.0,69.55650929899856,6,766
30,28.468399823705354,Asteroids-v0,100.0,5310.0,270.7725321888412,6,5791
30,28.503669526047176,Atlantis-v0,1500.0,59466.666666666664,2185.0500715307585,6,7627
30,28.72904330379433,BankHeist-v0,0.0,50.0,0.7224606580829758,6,301
30,28.86754424896505,BattleZone-v0,0.0,24000.0,1924.8927038626618,6,6036
30,29.13780239807235,Bowling-v0,0.0,91.33333333333333,1.9413447782546496,6,3893
30,29.251223736670283,Boxing-v0,-100.0,12.333333333333334,-45.738197424892704,6,9216
30,29.310304809212685,Centipede-v0,150.0,20646.666666666668,2422.791845493561,11,2469
31,29.35846615685357,Alien-v0,0.0,680.0,66.8824404761905,6,766
31,29.399190354413456,Asteroids-v0,90.0,5310.0,224.84375,6,5791
31,29.432544581360286,Atlantis-v0,1500.0,59466.666666666664,2442.336309523809,6,7627
31,29.65195881843567,BankHeist-v0,0.0,50.0,0.7514880952380952,6,301
31,29.811479199330012,BattleZone-v0,0.0,24000.0,2035.7142857142865,6,6036
31,30.089465892314912,Bowling-v0,0.0,91.33333333333333,2.127232142857143,6,3893
31,30.20103890120983,Boxing-v0,-100.0,12.333333333333334,-49.22619047619048,6,9216
31,30.260953451593718,Centipede-v0,158.33333333333334,20646.666666666668,2622.2946428571427,11,2469
32,30.310486441254614,Alien-v0,0.0,680.0,72.6548672566372,6,766
32,30.347325732244386,Asteroids-v0,90.0,5310.0,260.4351032448379,6,5791
32,30.383282682432068,Atlantis-v0,1500.0,59466.666666666664,2207.0058997050146,6,7627
32,30.594683777425026,BankHeist-v0,0.0,50.0,0.9808259587020649,6,301
32,30.74667620804575,BattleZone-v0,0.0,24000.0,2424.7787610619484,6,6036
32,31.028607582582367,Bowling-v0,0.0,91.33333333333333,2.5125368731563418,6,3893
32,31.149388525419766,Boxing-v0,-100.0,12.333333333333334,-45.915191740413,6,9216
32,31.212233684327867,Centipede-v0,158.33333333333334,20646.666666666668,2687.112831858407,11,2469
33,31.26078807916906,Alien-v0,0.0,680.0,65.77393808495322,6,766
33,31.302606373495525,Asteroids-v0,100.0,5310.0,238.66090712743008,6,5791
33,31.338941457271577,Atlantis-v0,1500.0,62466.666666666664,2447.0122390208785,11,11678
33,31.55998264518049,BankHeist-v0,0.0,50.0,0.8783297336213102,6,301
33,31.710142557289867,BattleZone-v0,0.0,24000.0,2103.6717062634984,6,6036
33,32.00034480134646,Bowling-v0,0.0,91.33333333333333,1.8336933045356374,6,3893
33,32.12308758894603,Boxing-v0,-100.0,12.333333333333334,-47.73434125269975,6,9216
33,32.18439002798663,Centipede-v0,155.0,20646.666666666668,2581.670986321096,11,2469
34,32.235159019298024,Alien-v0,0.0,680.0,66.85145700071074,6,766
34,32.27716479003429,Asteroids-v0,90.0,5310.0,244.99644633972989,6,5791
34,32.31264668458038,Atlantis-v0,1500.0,62466.666666666664,2185.5010660980815,11,11678
34,32.53323094771968,BankHeist-v0,0.0,60.0,1.0305614783226724,6,11805
34,32.66862200299899,BattleZone-v0,0.0,24000.0,2111.5849324804553,6,6036
34,32.9316684163279,Bowling-v0,0.0,91.33333333333333,3.4456289978678045,6,3893
34,33.053307481937935,Boxing-v0,-100.0,12.333333333333334,-45.99928926794597,6,9216
34,33.11444904016124,Centipede-v0,149.33333333333334,20646.666666666668,2643.088841506753,11,2469
35,33.165490138133364,Alien-v0,0.0,680.0,67.58771929824564,6,766
35,33.19999229100016,Asteroids-v0,90.0,5310.0,237.79970760233934,6,5791
35,33.23540010770162,Atlantis-v0,1500.0,62466.666666666664,2227.4853801169593,11,11678
35,33.457545528676775,BankHeist-v0,0.0,60.0,1.118421052631579,6,11805
35,33.60200341840585,BattleZone-v0,0.0,24000.0,2062.865497076024,6,6036
35,33.87876158807013,Bowling-v0,0.0,91.33333333333333,2.491228070175438,6,3893
35,33.99800213025676,Boxing-v0,-100.0,12.333333333333334,-44.56798245614033,6,9216
35,34.061346373558045,Centipede-v0,158.66666666666666,20646.666666666668,2643.2192982456127,11,2469
36,34.11171127994855,Alien-v0,0.0,680.0,67.95815295815295,6,766
36,34.152057998842665,Asteroids-v0,90.0,5310.0,251.78210678210684,6,5791
36,34.18249542666806,Atlantis-v0,1500.0,62466.666666666664,2360.6782106782116,11,11678
36,34.40799124684599,BankHeist-v0,0.0,60.0,1.103896103896104,6,11805
36,34.53772902872827,BattleZone-v0,0.0,24000.0,2116.883116883118,6,6036
36,34.80141815437211,Bowling-v0,0.0,91.33333333333333,1.8852813852813852,6,3893
36,34.913531822098626,Boxing-v0,-100.0,12.333333333333334,-45.33333333333336,6,9216
36,34.972592447068955,Centipede-v0,161.66666666666666,20646.666666666668,2472.036075036075,11,2469
37,35.024060660998025,Alien-v0,0.0,680.0,70.20044543429844,6,766
37,35.065719368656474,Asteroids-v0,90.0,5310.0,247.05270972531565,6,5791
37,35.100320707824494,Atlantis-v0,1500.0,62466.666666666664,2069.3392724573127,11,11678
37,35.32880371616946,BankHeist-v0,0.0,60.0,0.9057164068299927,6,11805
37,35.468755406141284,BattleZone-v0,0.0,24000.0,2180.4008908685973,6,6036
37,35.737384047640695,Bowling-v0,0.0,91.33333333333333,2.32293986636971,6,3893
37,35.84993769572841,Boxing-v0,-100.0,12.333333333333334,-44.97104677060132,6,9216
37,35.9111313688755,Centipede-v0,158.66666666666666,20646.666666666668,2766.4016332590936,11,2469
38,35.9608446204,Alien-v0,0.0,680.0,64.56254519161244,6,766
38,36.00188745902644,Asteroids-v0,90.0,5310.0,240.76644974692698,6,5791
38,36.03590895930926,Atlantis-v0,1500.0,62466.666666666664,2269.7758496023134,11,11678
38,36.25431034776899,BankHeist-v0,0.0,60.0,0.8604483007953724,6,11805
38,36.3935161592563,BattleZone-v0,0.0,24000.0,1972.5234996384684,6,6036
38,36.66738793194294,Bowling-v0,0.0,91.33333333333333,2.4302241503976867,6,3893
38,36.78081087470055,Boxing-v0,-100.0,12.333333333333334,-48.82284887924799,6,9216
38,36.840193333162205,Centipede-v0,155.0,20646.666666666668,2518.471438900939,11,2469
39,36.88929710924626,Alien-v0,0.0,680.0,68.58407079646017,6,766
39,36.93097375657823,Asteroids-v0,90.0,5310.0,247.2713864306785,6,5791
39,36.96539702812831,Atlantis-v0,1500.0,62466.666666666664,2226.8436578171086,11,11678
39,37.20107701420784,BankHeist-v0,0.0,60.0,0.6710914454277285,6,11805
39,37.333925286465224,BattleZone-v0,0.0,24000.0,2006.637168141593,6,6036
39,37.60952819989787,Bowling-v0,0.0,91.33333333333333,1.851032448377581,6,3893
39,37.72608204868105,Boxing-v0,-100.0,12.333333333333334,-49.84365781710914,6,9216
39,37.78169352756606,Centipede-v0,158.33333333333334,20646.666666666668,2479.5951327433627,11,2469
40,37.83344327244494,Alien-v0,0.0,680.0,70.47302291204731,6,766
40,37.877377142243915,Asteroids-v0,100.0,5310.0,224.69327420546924,6,5791
40,37.91364289700985,Atlantis-v0,1500.0,62466.666666666664,2452.6977087952705,11,11678
40,38.14443952732616,BankHeist-v0,0.0,60.0,0.7538802660753879,6,11805
40,38.269882312748166,BattleZone-v0,0.0,24000.0,2045.084996304509,6,6036
40,38.554074372053144,Bowling-v0,0.0,91.33333333333333,2.0236511456023654,6,3893
40,38.67288574086295,Boxing-v0,-100.0,12.333333333333334,-48.98817442719879,6,9216
40,38.72932736767663,Centipede-v0,158.66666666666666,20646.666666666668,2538.2520325203254,11,2469
41,38.78024760345618,Alien-v0,0.0,680.0,67.34319943622269,6,766
41,38.82112431181802,Asteroids-v0,90.0,5310.0,251.937984496124,6,5791
41,38.858013183938134,Atlantis-v0,1500.0,62466.666666666664,2635.799859055674,11,11678
41,39.08072152886126,BankHeist-v0,0.0,60.0,0.8879492600422835,6,11805
41,39.22152896179093,BattleZone-v0,0.0,24000.0,2083.1571529245957,6,6036
41,39.49492209706042,Bowling-v0,0.0,91.33333333333333,2.356589147286822,6,3893
41,39.6141624765926,Boxing-v0,-100.0,12.333333333333334,-47.191684284707584,6,9216
41,39.671954513986904,Centipede-v0,158.66666666666666,20646.666666666668,2572.2713178294553,11,2469
42,39.72332590089904,Alien-v0,0.0,680.0,66.21602288984263,6,766
42,39.76464074995783,Asteroids-v0,80.0,5310.0,231.0443490701002,6,5791
42,39.799202401571804,Atlantis-v0,1500.0,62466.666666666664,2247.067238912732,11,11678
42,40.01808245513174,BankHeist-v0,0.0,60.0,0.8655221745350502,6,11805
42,40.158371486200224,BattleZone-v0,0.0,24000.0,2128.7553648068683,6,6036
42,40.43139097849528,Bowling-v0,0.0,91.33333333333333,2.6065808297567954,6,3893
42,40.552005103826524,Boxing-v0,-100.0,12.333333333333334,-46.21816881258942,6,9216
42,40.60724104192522,Centipede-v0,158.66666666666666,20646.666666666668,2565.0064377682406,11,2469
43,40.653826495276554,Alien-v0,0.0,680.0,72.724573125464,6,766
43,40.69327980763382,Asteroids-v0,80.0,5310.0,238.84187082405353,6,5791
43,40.72623759594229,Atlantis-v0,1500.0,62466.666666666664,2329.8440979955462,11,11678
43,40.947497403555445,BankHeist-v0,0.0,60.0,0.9502598366740906,6,11805
43,41.084228852921065,BattleZone-v0,0.0,24000.0,2103.934669636229,6,6036
43,41.348115470078255,Bowling-v0,0.0,91.33333333333333,1.7468448403860435,6,3893
43,41.4620802665419,Boxing-v0,-100.0,12.333333333333334,-45.79584261321453,6,9216
43,41.5215893125534,Centipede-v0,151.0,20646.666666666668,2655.2865627319993,11,2469
44,41.57080366035302,Alien-v0,0.0,696.6666666666666,71.59737417943107,11,15309
44,41.61086971428659,Asteroids-v0,90.0,5310.0,218.75273522975917,6,5791
44,41.642913680142826,Atlantis-v0,1500.0,62466.666666666664,2456.01750547046,11,11678
44,41.872170222732755,BankHeist-v0,0.0,60.0,0.8679795769511306,6,11805
44,42.01222940544287,BattleZone-v0,0.0,24000.0,2008.0233406272798,6,6036
44,42.28271182755629,Bowling-v0,0.0,91.33333333333333,2.352297592997812,6,3893
44,42.39771851751539,Boxing-v0,-100.0,12.333333333333334,-49.02188183807437,6,9216
44,42.45876235610909,Centipede-v0,158.33333333333334,20646.666666666668,2425.8723559445652,11,2469
45,42.50714269373152,Alien-v0,0.0,696.6666666666666,69.2920353982301,11,15309
45,42.55116790546311,Asteroids-v0,100.0,5310.0,240.97345132743368,6,5791
45,42.585406284862096,Atlantis-v0,1500.0,62466.666666666664,2416.9616519174047,11,11678
45,42.80333960904015,BankHeist-v0,0.0,60.0,0.7817109144542772,6,11805
45,42.945861897336115,BattleZone-v0,0.0,24000.0,2073.7463126843663,6,6036
45,43.21329152292675,Bowling-v0,0.0,91.33333333333333,2.765486725663717,6,3893
45,43.3248455897967,Boxing-v0,-100.0,12.333333333333334,-46.30530973451329,6,9216
45,43.38372409992748,Centipede-v0,155.0,20646.666666666668,2467.40634218289,11,2469
46,43.43491729584005,Alien-v0,0.0,696.6666666666666,68.12227074235808,11,15309
46,43.47769282168812,Asteroids-v0,90.0,5310.0,265.0363901018923,6,5791
46,43.51296550035477,Atlantis-v0,1500.0,62466.666666666664,2323.9446870451234,11,11678
46,43.73670162902938,BankHeist-v0,0.0,60.0,0.8442503639010186,6,11805
46,43.856393935481705,BattleZone-v0,0.0,24000.0,2158.6608442503652,6,6036
46,44.13679631948471,Bowling-v0,0.0,91.33333333333333,1.7583697234352258,6,3893
46,44.252098939617476,Boxing-v0,-100.0,12.333333333333334,-47.195050946142665,6,9216
46,44.313604370355606,Centipede-v0,151.0,20646.666666666668,2757.000727802038,11,2469
47,44.362502796583705,Alien-v0,0.0,696.6666666666666,66.41249092229482,11,15309
47,44.403517688115436,Asteroids-v0,90.0,5310.0,248.32970225127087,6,5791
47,44.43924632986386,Atlantis-v0,1500.0,62466.666666666664,2544.9527959331886,11,11678
47,44.660165417393046,BankHeist-v0,0.0,60.0,0.7770515613652867,6,11805
47,44.79274445109897,BattleZone-v0,0.0,24000.0,2140.885984023239,6,6036
47,45.074437272018855,Bowling-v0,0.0,91.33333333333333,1.6165577342047928,6,3893
47,45.19252558092276,Boxing-v0,-100.0,12.333333333333334,-43.04212055192447,6,9216
47,45.24872148374716,Centipede-v0,158.66666666666666,20646.666666666668,2788.9382716049367,11,2469
48,45.299618704517684,Alien-v0,0.0,696.6666666666666,70.34281546316558,11,15309
48,45.34202810426553,Asteroids-v0,80.0,5310.0,263.1947483588622,6,5791
48,45.37917470203506,Atlantis-v0,1500.0,62466.666666666664,2404.4493070751273,11,11678
48,45.60796270529429,BankHeist-v0,0.0,60.0,0.9482129832239238,6,11805
48,45.758084952698816,BattleZone-v0,0.0,24000.0,2148.0671043034276,6,6036
48,46.028795170982676,Bowling-v0,0.0,91.33333333333333,2.2027716994894235,6,3893
48,46.14701722946432,Boxing-v0,-100.0,12.333333333333334,-47.00000000000001,6,9216
48,46.206085430847274,Centipede-v0,163.33333333333334,20646.666666666668,2587.3595915390215,11,2469
49,46.25062447230021,Alien-v0,0.0,696.6666666666666,72.45500359971201,11,15309
49,46.29364323748483,Asteroids-v0,90.0,5310.0,269.12886969042484,6,5791
49,46.331325834261044,Atlantis-v0,1500.0,62466.666666666664,2284.6652267818577,11,11678
49,46.54090408689446,BankHeist-v0,0.0,60.0,0.734341252699784,6,11805
