tpgGen,hoursElapsed,envName,tpgMin,tpgMax,tpgAvg,eliteSize,eliteUid
0,0.06908163117037878,Alien-v0,0.0,263.3333333333333,65.65833333333335,6,366
1,0.12726908723513286,Alien-v0,0.0,263.3333333333333,108.79767827529021,6,366
1,0.27631926344500646,BattleZone-v0,0.0,13000.0,1794.3615257048089,6,78
2,0.4193797082371182,BattleZone-v0,0.0,13666.666666666666,3124.25595238095,6,262
2,0.6749387030469046,BankHeist-v0,0.0,33.333333333333336,0.7142857142857143,6,241
3,0.8589340239100987,BankHeist-v0,0.0,33.333333333333336,1.275167785234899,6,241
3,0.9079465195205476,Alien-v0,0.0,290.0,109.17971662938105,6,936
4,0.9648680186271668,Alien-v0,0.0,303.3333333333333,109.50672645739907,11,1480
4,1.0129410350322723,Atlantis-v0,1500.0,39433.333333333336,2353.886397608371,6,1507
5,1.0614306162463294,Atlantis-v0,1500.0,39766.666666666664,3049.4126284875197,6,2060
5,1.466343149609036,Bowling-v0,0.0,54.666666666666664,1.9273127753303965,16,1658
6,1.7254963380760617,Bowling-v0,0.0,54.666666666666664,3.4947683109118084,16,1658
6,1.8810176766581006,Boxing-v0,-100.0,1.3333333333333333,-51.7548579970105,6,1863
7,2.002059897383054,Boxing-v0,-100.0,1.3333333333333333,-43.68505747126438,6,1863
7,2.0905058078633414,Centipede-v0,156.66666666666666,13231.0,2921.1777777777766,6,715
8,2.168759694364336,Centipede-v0,156.66666666666666,13231.0,4531.790820165541,6,715
8,2.2245074458916982,Asteroids-v0,90.0,3216.6666666666665,203.89014296463495,23,2651
9,2.274716480837928,Asteroids-v0,100.0,3216.6666666666665,291.5178571428572,23,2651
9,2.4493537543217343,BattleZone-v0,0.0,20333.333333333332,3479.1666666666647,6,3093
10,2.570001092619366,BattleZone-v0,0.0,20333.333333333332,4469.135802469134,6,3093
10,2.974436577094926,Bowling-v0,0.0,78.33333333333333,1.8734567901234571,48,3376
11,3.2635338851478366,Bowling-v0,0.0,89.33333333333333,3.5898004434589796,48,3733
11,3.3162501843770347,Atlantis-v0,1500.0,26833.333333333332,2502.956393200296,21,3622
12,3.363064912557602,Atlantis-v0,1500.0,26833.333333333332,3575.9999999999986,21,3622
12,3.448891186118126,Centipede-v0,155.0,13065.333333333334,4026.086666666666,6,4081
13,3.5186244032780327,Centipede-v0,146.0,13802.666666666666,4368.511823035853,25,4220
13,3.650499981443087,BattleZone-v0,0.0,14333.333333333334,3732.265446224254,14,4041
14,3.7621302423874536,BattleZone-v0,0.0,21333.333333333332,5166.666666666667,5,4369
14,4.133699781563547,Bowling-v0,0.0,87.33333333333333,5.155763239875389,48,3880
15,4.405536860757404,Bowling-v0,0.0,95.66666666666667,10.154789272030648,33,4878
15,4.578721945285797,Boxing-v0,-100.0,6.0,-37.38007662835247,6,4890
16,4.7135124462842946,Boxing-v0,-100.0,6.0,-36.2784222737819,6,4890
16,4.772136900689866,Atlantis-v0,1500.0,37400.0,4006.1098221191014,31,5170
17,4.833754608896044,Atlantis-v0,1500.0,41933.333333333336,7396.220710506426,24,5356
17,4.939772478077146,Centipede-v0,149.33333333333334,16774.0,3643.0642479213943,72,5494
18,5.018084492749638,Centipede-v0,160.33333333333334,16774.0,4567.2167042889405,72,5494
18,5.17063410255644,Boxing-v0,-100.0,6.333333333333333,-32.729872084273886,35,5282
19,5.2966141000058915,Boxing-v0,-100.0,6.333333333333333,-29.726591760299616,35,5282
19,5.450172613726722,BattleZone-v0,0.0,16000.0,4414.981273408238,6,4847
20,5.560859345727497,BattleZone-v0,0.0,17333.333333333332,5660.619803476947,10,6125
20,5.62508908894327,Asteroids-v0,90.0,2523.3333333333335,385.8956916099774,27,5597
21,5.678548802998331,Asteroids-v0,90.0,3160.0,580.3163580246913,31,6542
21,5.946395931243896,BankHeist-v0,0.0,26.666666666666668,1.9598765432098781,10,6125
22,6.144962869021628,BankHeist-v0,0.0,43.333333333333336,3.689393939393937,16,6806
22,6.248883264197244,Centipede-v0,160.0,14051.666666666666,3404.604545454545,14,5294
23,6.341032415231069,Centipede-v0,163.66666666666666,14115.333333333334,4757.164383561645,4,7204
23,6.422189522981643,Alien-v0,0.0,646.6666666666666,118.31811263318109,25,6657
24,6.487499912844764,Alien-v0,0.0,646.6666666666666,135.56809631301735,25,6657
24,6.573923720783657,Atlantis-v0,1500.0,53333.333333333336,8426.034612490592,47,7271
25,6.636406189865536,Atlantis-v0,1500.0,53333.333333333336,11638.028169014084,47,7271
25,7.02813982711898,Bowling-v0,0.0,85.0,10.895148669796557,41,7741
26,7.265794262488683,Bowling-v0,0.0,93.33333333333333,20.846805234795994,24,7917
26,7.3736321253909,Centipede-v0,163.33333333333334,14939.666666666666,4015.939183987684,25,5876
27,7.472806702719795,Centipede-v0,159.0,17130.0,5618.195852534563,50,8120
27,7.555644736554887,Atlantis-v0,1500.0,60366.666666666664,11656.451612903222,30,7871
28,7.629031795197063,Atlantis-v0,1500.0,60366.666666666664,15550.076452599382,30,7871
28,7.816231953965293,Boxing-v0,-100.0,8.333333333333334,-29.67354740061161,50,8627
29,7.959718511303266,Boxing-v0,-100.0,10.333333333333334,-25.85125858123571,53,8684
29,8.210211621787813,BankHeist-v0,0.0,43.333333333333336,2.807017543859649,49,8255
30,8.39449312461747,BankHeist-v0,0.0,43.333333333333336,4.489795918367349,49,8255
30,8.46798649556107,Asteroids-v0,80.0,3216.6666666666665,681.7233560090702,23,2651
31,8.525210941235224,Asteroids-v0,100.0,3216.6666666666665,844.4950645406229,23,2651
31,8.831094718376795,Bowling-v0,0.0,94.33333333333333,21.784358390280946,44,9472
32,9.051459292968115,Bowling-v0,0.0,107.66666666666667,28.519519519519527,30,9714
32,9.138589185939894,Alien-v0,0.0,550.0,133.04054054054043,27,9675
33,9.206141853200064,Alien-v0,0.0,550.0,163.89778794813122,27,9675
33,9.4187002985345,BankHeist-v0,0.0,46.666666666666664,4.012204424103736,21,9929
34,9.596778049270313,BankHeist-v0,0.0,53.333333333333336,5.517762660619804,6,10001
34,9.711255787147415,Atlantis-v0,1500.0,51100.0,16007.10506424793,87,9946
35,9.804146686461237,Atlantis-v0,1500.0,54900.0,20034.690799396678,73,10523
35,9.876510218116973,Alien-v0,0.0,663.3333333333334,161.3122171945701,48,10515
36,9.94079263124201,Alien-v0,0.0,663.3333333333334,187.78033794162837,48,10515
36,10.12247396628062,BankHeist-v0,0.0,40.0,5.2457757296467005,171,10308
37,10.280742050740454,BankHeist-v0,0.0,40.0,6.7769897557131635,171,10308
37,10.402952881124284,Centipede-v0,165.0,15876.666666666666,4533.96769109535,59,10164
38,10.51196290506257,Centipede-v0,150.0,15876.666666666666,5929.050113895217,59,10164
38,10.591316513816516,Asteroids-v0,100.0,2786.6666666666665,826.1807137433568,81,11350
39,10.660037672321002,Asteroids-v0,100.0,3370.0,1040.4403948367508,36,11605
39,10.81530263695452,BankHeist-v0,0.0,46.666666666666664,6.537585421412299,68,11498
40,10.940333430568376,BankHeist-v0,0.0,46.666666666666664,8.566066066066066,68,11498
40,11.106123556163576,BattleZone-v0,0.0,17333.333333333332,3643.3933933933927,37,11865
41,11.23986211710506,BattleZone-v0,0.0,18666.666666666668,4469.38775510204,18,12324
41,11.310288282765283,Asteroids-v0,100.0,3763.3333333333335,1015.177626606198,35,11919
42,11.374027369618416,Asteroids-v0,110.0,4126.666666666667,1181.7131782945733,39,12399
42,11.694694908459981,Bowling-v0,0.0,102.66666666666667,30.10232558139535,36,12431
43,11.913188227083948,Bowling-v0,0.0,103.66666666666667,41.02647975077882,34,12804
43,12.043249921533796,Centipede-v0,163.66666666666666,12925.333333333334,5489.468847352025,5,12780
44,12.153317467106714,Centipede-v0,163.33333333333334,16418.0,6810.486046511629,97,13057
44,12.280648860004213,Atlantis-v0,1500.0,59100.0,14926.356589147284,74,12820
45,12.380575037466155,Atlantis-v0,1500.0,63200.0,19619.406392694073,89,13387
45,12.46983567893505,Alien-v0,0.0,376.6666666666667,180.806697108067,36,12993
46,12.541562811864747,Alien-v0,0.0,376.6666666666667,193.91570881226062,36,12993
46,12.729873642722765,BankHeist-v0,0.0,43.333333333333336,5.448275862068971,44,13535
47,12.862103932301203,BankHeist-v0,0.0,43.333333333333336,7.682170542635655,44,13535
47,12.984991597400771,Atlantis-v0,1500.0,63200.0,22666.279069767425,89,13387
48,13.088273912933138,Atlantis-v0,1500.0,63200.0,23918.672839506176,89,13387
48,13.260150763723585,BattleZone-v0,0.0,17333.333333333332,3574.8456790123464,170,14014
49,13.382784968217214,BattleZone-v0,0.0,17333.333333333332,4527.455529775717,178,14014
49,13.560742886463801,BankHeist-v0,0.0,63.333333333333336,6.682134570765659,112,14318
50,13.790604595740636,BankHeist-v0,0.0,63.333333333333336,8.576864535768634,112,14318
50,14.078758160207007,Bowling-v0,0.0,100.0,40.780821917808225,137,14792
51,14.278606338368522,Bowling-v0,0.0,107.33333333333333,52.149961149961094,36,14862
51,14.3675090944767,Alien-v0,0.0,376.6666666666667,184.35897435897442,36,12993
52,14.438853432999716,Alien-v0,0.0,376.6666666666667,201.99063231850107,36,12993
52,14.573359198040432,Atlantis-v0,1500.0,59000.0,19121.70179547227,82,14881
53,14.689402524762684,Atlantis-v0,1500.0,65633.33333333333,25238.0733944954,65,15434
53,14.922025121119287,Bowling-v0,0.0,109.33333333333333,48.238532110091754,92,15641
54,15.110783789555231,Bowling-v0,0.0,109.33333333333333,51.484918793503475,86,15641
54,15.312236522436143,Boxing-v0,-100.0,5.666666666666667,-31.58855375096675,131,15616
55,15.474321564965777,Boxing-v0,-100.0,5.666666666666667,-21.837104072398205,141,15616
55,15.648388850755161,BankHeist-v0,0.0,43.333333333333336,6.8552036199095,89,15801
56,15.80012549592389,BankHeist-v0,0.0,60.0,9.361861861861858,85,15404
56,15.890870358082983,Alien-v0,0.0,436.6666666666667,194.56456456456468,52,16465
57,15.968593559000228,Alien-v0,0.0,436.6666666666667,210.70216049382708,52,16465
57,16.236291954451136,Bowling-v0,0.0,109.33333333333333,47.263888888888864,86,15641
58,16.42718699461884,Bowling-v0,0.0,109.33333333333333,53.29723502304143,86,15641
58,16.5760121775998,Atlantis-v0,1500.0,61633.333333333336,22733.333333333314,125,17025
59,16.679057450758087,Atlantis-v0,1500.0,61633.333333333336,26668.544600938963,125,17025
59,16.815136787427797,Centipede-v0,165.0,15145.333333333334,5413.7276995305165,55,16093
60,16.916940916776657,Centipede-v0,165.0,15145.333333333334,6000.012608353037,55,16093
60,17.011596155696445,Asteroids-v0,100.0,3443.3333333333335,1130.0709219858172,100,17294
61,17.087448105348482,Asteroids-v0,100.0,3446.6666666666665,1301.5478927203055,200,17635
61,17.286382176942297,Boxing-v0,-100.0,18.0,-24.69731800766282,213,17377
62,17.438212049007415,Boxing-v0,-100.0,18.0,-20.576309794988624,213,17377
62,17.581712300313843,Atlantis-v0,1500.0,63100.0,22211.313591495822,61,18082
63,17.707519800133177,Atlantis-v0,1500.0,65000.0,27788.655788655786,94,18224
63,17.803672657608985,Alien-v0,0.0,503.3333333333333,202.4864024864025,218,17877
64,17.880935782922638,Alien-v0,0.0,503.3333333333333,232.37767584097858,218,17877
64,18.059369784196218,Boxing-v0,-100.0,18.0,-21.020642201834875,213,17377
65,18.215170989897516,Boxing-v0,-100.0,18.0,-12.449010654490113,213,17377
65,18.34625279015965,Centipede-v0,165.0,13749.666666666666,5381.314307458149,133,18850
66,18.45629905495379,Centipede-v0,165.0,13749.666666666666,6394.533799533794,133,18850
66,18.878571295605767,Bowling-v0,0.0,102.0,20.167832167832163,237,19125
67,19.126882943775918,Bowling-v0,0.0,102.0,41.67621320604613,237,19125
67,19.217734335594706,Alien-v0,0.0,363.3333333333333,209.75338106603,197,17936
68,19.298796495662796,Alien-v0,0.0,800.0,224.61773700305812,136,19653
68,19.458312465548516,BattleZone-v0,0.0,17000.0,3459.4801223241593,92,19331
69,19.589195289479363,BattleZone-v0,0.0,23333.333333333332,4311.926605504586,90,19923
69,19.6859375972218,Asteroids-v0,100.0,4046.6666666666665,1118.8761467889915,242,19147
70,19.763761240773732,Asteroids-v0,110.0,4046.6666666666665,1296.0717009916089,242,19147
70,19.91177960422304,Centipede-v0,163.33333333333334,14238.666666666666,6496.28832951945,95,17102
71,20.034365264640915,Centipede-v0,165.0,14471.333333333334,7366.422524565387,98,20477
71,20.242554887798097,Boxing-v0,-100.0,17.666666666666668,-24.145124716553276,285,19647
72,20.400013565884695,Boxing-v0,-100.0,17.666666666666668,-20.90651340996168,287,19647
72,20.57103601396084,BankHeist-v0,0.0,53.333333333333336,6.9272030651341,272,20603
73,20.69328091945913,BankHeist-v0,0.0,53.333333333333336,9.672006102212046,272,20603
73,20.795869132611486,Asteroids-v0,110.0,3653.3333333333335,1410.4500381388245,269,20942
74,20.87671063270834,Asteroids-v0,110.0,3653.3333333333335,1540.746728252502,269,20942
74,21.032699775099754,Atlantis-v0,1500.0,58733.333333333336,21167.590454195517,217,21421
75,21.144013403190506,Atlantis-v0,1500.0,58733.333333333336,23450.000000000004,217,21421
75,21.268487529291047,BankHeist-v0,0.0,53.333333333333336,10.06201550387598,272,20603
76,21.392153744565118,BankHeist-v0,0.0,56.666666666666664,10.933940774487475,217,21312
76,21.544715333448515,Centipede-v0,165.0,15185.666666666666,7055.4806378132125,224,21761
77,21.667461194329793,Centipede-v0,165.0,15573.666666666666,7586.225831399837,216,22235
77,21.863278124464884,Boxing-v0,-100.0,10.666666666666666,-23.545243619489554,220,20096
78,22.021852472755644,Boxing-v0,-100.0,15.0,-19.476080246913583,220,22528
78,22.175092827479045,BattleZone-v0,0.0,23666.666666666668,4223.765432098763,23,22403
79,22.302214266260464,BattleZone-v0,0.0,23666.666666666668,4577.932098765432,23,22403
79,22.402572521567343,Alien-v0,0.0,520.0,215.45524691358025,179,22680
80,22.490218861169286,Alien-v0,0.0,523.3333333333334,213.5938697318007,128,22423
80,22.633718431658217,BankHeist-v0,0.0,70.0,8.32183908045977,252,23068
81,22.757567795117698,BankHeist-v0,0.0,70.0,11.246177370030576,252,23068
81,22.864982454246945,Asteroids-v0,100.0,3203.3333333333335,1420.244648318043,223,23288
82,22.952988288468784,Asteroids-v0,100.0,3496.6666666666665,1546.4592933947781,215,23488
82,23.110777749750348,Centipede-v0,161.66666666666666,16418.0,7330.860215053768,271,23514
83,23.24399185869429,Centipede-v0,165.0,16459.0,8175.564578499617,289,23933
83,23.39198261552387,BattleZone-v0,0.0,14000.0,4101.314771848414,26,23980
84,23.516147415704197,BattleZone-v0,0.0,15000.0,4843.843843843848,6,24270
84,23.619544921384918,Alien-v0,0.0,506.6666666666667,213.2507507507508,276,24144
85,23.700861376722653,Alien-v0,0.0,506.6666666666667,222.4193548387094,276,24144
85,23.840955346226693,Centipede-v0,165.0,16459.0,7684.595238095237,289,23933
86,23.96569329712126,Centipede-v0,165.0,16774.0,8410.876911314985,216,24785
86,24.06819082306491,Asteroids-v0,110.0,3780.0,1622.148318042813,308,24203
87,24.154501726958486,Asteroids-v0,110.0,3850.0,1725.9094457455117,289,24915
87,24.505930597980818,Bowling-v0,0.0,114.66666666666667,38.06791569086652,348,24913
88,24.75682730893294,Bowling-v0,0.0,114.66666666666667,53.27383676582762,348,24913
88,24.895596524477003,Centipede-v0,165.0,15651.666666666666,7903.920671243327,294,25330
89,25.01875937435362,Centipede-v0,165.0,15651.666666666666,8113.918569254191,294,25330
89,25.112019860612023,Asteroids-v0,110.0,3780.0,1700.0304414003026,308,24203
90,25.19887091199557,Asteroids-v0,110.0,3780.0,1782.1239606953875,308,24203
90,25.30175020111932,Alien-v0,0.0,490.0,223.03099017384727,232,25776
91,25.390471581353083,Alien-v0,0.0,490.0,232.07751937984494,232,25776
91,25.590248839788966,Boxing-v0,-100.0,19.333333333333332,-20.085271317829438,226,24225
92,25.75888156036536,Boxing-v0,-100.0,19.333333333333332,-15.148919753086416,226,24225
92,25.85747508784135,Asteroids-v0,90.0,4140.0,1679.5833333333323,216,26527
93,25.94866504702303,Asteroids-v0,110.0,4140.0,1862.2730739893211,216,26527
93,26.113675221469666,Centipede-v0,165.0,15839.666666666666,7866.5080091533255,242,25824
94,26.238897581100463,Centipede-v0,165.0,17020.0,8394.894818252136,295,27072
94,26.39959508465396,BankHeist-v0,0.0,50.0,9.110595514307809,300,26473
95,26.52667461713155,BankHeist-v0,0.0,50.0,10.426540284360188,302,26473
95,26.917343108852705,Bowling-v0,0.0,116.66666666666667,27.28830963665087,218,27257
96,27.16674032476213,Bowling-v0,0.0,116.66666666666667,47.408450704225345,218,27257
96,27.358425571256213,Boxing-v0,-100.0,12.666666666666666,-19.550860719874816,244,27556
97,27.505334706637594,Boxing-v0,-100.0,12.666666666666666,-15.43730158730159,244,27556
97,27.64549175070392,Atlantis-v0,1500.0,49933.333333333336,18883.73015873016,300,26473
98,27.763902371724445,Atlantis-v0,1500.0,49933.333333333336,21532.41590214065,300,26473
98,28.095155884623527,Bowling-v0,0.0,105.33333333333333,33.7079510703364,219,27919
99,28.323126836220425,Bowling-v0,0.0,105.33333333333333,51.69885057471268,219,27919
99,28.460121214522257,BankHeist-v0,0.0,50.0,9.057471264367823,300,26473
100,28.702253678242364,BankHeist-v0,0.0,56.666666666666664,12.046511627906979,302,28609
100,28.80943352825112,Asteroids-v0,110.0,3696.6666666666665,1580.2325581395341,294,28237
101,28.897517606218656,Asteroids-v0,100.0,3696.6666666666665,1706.7810831426389,294,28237
101,29.13113990088304,Bowling-v0,0.0,114.66666666666667,55.82074752097642,348,24913
102,29.323183284666804,Bowling-v0,0.0,114.66666666666667,61.64018691588782,348,24913
102,29.488387823171085,Centipede-v0,155.0,14769.333333333334,7562.398753894085,220,29265
103,29.62157985024982,Centipede-v0,165.0,16774.0,8321.00154320988,219,29403
103,29.825251167549027,Boxing-v0,-100.0,10.0,-22.548611111111104,291,29466
104,29.981349734399053,Boxing-v0,-100.0,16.333333333333332,-18.873536299765792,290,29772
104,30.087564186983638,Asteroids-v0,110.0,3866.6666666666665,1699.7970335675238,221,29689
105,30.180162810020978,Asteroids-v0,100.0,4683.333333333333,1754.2319508448543,217,30064
105,30.334063567121824,Centipede-v0,158.33333333333334,15651.666666666666,7870.384024577579,269,29711
106,30.462389323512713,Centipede-v0,165.0,16774.0,8397.1498470948,289,30249
106,30.605557277666197,Atlantis-v0,1500.0,55833.333333333336,20068.57798165138,252,30264
107,30.723198545707596,Atlantis-v0,1500.0,55833.333333333336,23252.07373271889,252,30264
107,30.81813774506251,Asteroids-v0,110.0,4683.333333333333,1756.9278033794158,217,30064
108,30.906490109033054,Asteroids-v0,110.0,4683.333333333333,1839.0888382687926,217,30064
108,31.0487579536438,Centipede-v0,165.0,15651.666666666666,7867.471526195903,269,29711
109,31.17910342693329,Centipede-v0,165.0,15869.0,8384.613053613057,216,31036
109,31.459166737265058,Bowling-v0,0.0,104.66666666666667,49.825174825174834,271,29987
110,31.68415124959416,Bowling-v0,0.0,104.66666666666667,60.697602474864624,271,29987
110,31.81877369231648,Atlantis-v0,1500.0,54533.333333333336,20521.88708430006,346,31484
111,31.934083181818327,Atlantis-v0,1500.0,55933.333333333336,23981.99685534593,323,31650
111,32.079853854378065,BattleZone-v0,0.0,12000.0,4334.905660377358,292,30073
112,32.19554050584634,BattleZone-v0,0.0,13000.0,4805.358550039401,258,31892
112,32.442484915653864,Bowling-v0,0.0,104.66666666666667,52.910165484633616,215,31940
113,32.63370577202903,Bowling-v0,0.0,104.66666666666667,63.55007824726132,215,31940
113,32.73789021564855,Alien-v0,0.0,500.0,212.81690140845066,293,32155
114,32.82119679444366,Alien-v0,0.0,500.0,226.37578616352204,293,32155
114,32.98002874208821,Centipede-v0,165.0,15199.666666666666,7383.202044025154,291,32443
115,33.10768092446857,Centipede-v0,165.0,15701.666666666666,8376.052549019609,217,32786
115,33.25304559323523,BankHeist-v0,0.0,53.333333333333336,10.18039215686274,170,32859
116,33.392287888526916,BankHeist-v0,0.0,56.666666666666664,11.260634184068055,302,32364
116,33.545900874866376,BattleZone-v0,0.0,18666.666666666668,4519.721577726222,39,32907
117,33.66800414787399,BattleZone-v0,0.0,19000.0,5148.062015503878,223,33219
117,33.77483893593153,Asteroids-v0,100.0,4736.666666666667,1562.9767441860479,302,33207
118,33.866835719413224,Asteroids-v0,90.0,4736.666666666667,1679.9385560675873,302,33207
118,34.02819524831242,Centipede-v0,150.0,17330.666666666668,7460.221966205832,291,33231
119,34.15294196810987,Centipede-v0,165.0,17330.666666666668,7791.41007751938,291,33231
119,34.3025463853942,BankHeist-v0,0.0,60.0,11.116279069767447,308,33840
120,34.436915815605055,BankHeist-v0,0.0,86.66666666666667,12.534562211981575,269,34148
120,34.52942128929827,Asteroids-v0,100.0,3780.0,1663.4178187403986,216,34191
121,34.62009181022644,Asteroids-v0,100.0,3833.3333333333335,1824.0525908739373,294,34281
121,34.76320003231366,Centipede-v0,165.0,17330.666666666668,7827.45011600928,291,33231
122,34.88402739107609,Centipede-v0,165.0,17330.666666666668,8182.383720930238,291,33231
122,35.03907163302104,Atlantis-v0,1500.0,55233.333333333336,21159.14728682171,251,34628
123,35.15264121433099,Atlantis-v0,1500.0,55233.333333333336,22063.174603174608,251,34628
123,35.30854545990626,BattleZone-v0,0.0,11666.666666666666,4619.047619047623,303,35091
124,35.43476796739631,BattleZone-v0,0.0,11666.666666666666,4735.819735819734,303,35091
124,35.53808922953076,Asteroids-v0,100.0,4683.333333333333,1605.5710955710972,217,30064
125,35.62800886465443,Asteroids-v0,90.0,4683.333333333333,1698.4134248665137,217,30064
125,35.73490644064214,Alien-v0,0.0,543.3333333333334,217.97864225781845,289,35520
126,35.82182509303093,Alien-v0,0.0,543.3333333333334,233.60030511060245,289,35520
126,36.03129472123252,Boxing-v0,-100.0,19.0,-13.604118993134996,294,35701
127,36.20273591525025,Boxing-v0,-100.0,19.666666666666668,-8.668199233716475,295,36171
127,36.37261000725958,BankHeist-v0,0.0,46.666666666666664,9.731800766283524,291,36010
128,36.498995607031716,BankHeist-v0,0.0,53.333333333333336,11.858678955453147,303,36472
128,36.60472185022301,Asteroids-v0,100.0,3833.3333333333335,1723.0337941628254,294,34281
129,36.69516476333141,Asteroids-v0,100.0,3833.3333333333335,1758.9016897081406,294,34281
129,36.86359629571438,Centipede-v0,165.0,17330.666666666668,7553.700460829493,291,33231
130,36.98349535736773,Centipede-v0,165.0,17330.666666666668,7785.658896658897,291,33231
130,37.08426313168473,Alien-v0,0.0,550.0,229.52602952602948,388,36529
131,37.17164366708862,Alien-v0,0.0,550.0,250.97674418604637,388,36529
131,37.313455472389855,BankHeist-v0,0.0,60.0,10.418604651162788,291,37204
132,37.45242918146981,BankHeist-v0,0.0,60.0,11.805225653206648,291,37204
132,37.647002433008616,Boxing-v0,-100.0,17.666666666666668,-10.067300079176556,253,37345
133,37.80339831908544,Boxing-v0,-100.0,17.666666666666668,-10.449139280125195,253,37345
133,37.96547392010689,BattleZone-v0,0.0,11666.666666666666,4215.179968701094,350,37695
134,38.10499683658282,BattleZone-v0,0.0,18000.0,4776.201733648543,254,37380
134,38.244081947803494,BankHeist-v0,0.0,60.0,11.489361702127654,291,37204
135,38.37006942152977,BankHeist-v0,0.0,60.0,13.234172387490458,291,37204
135,38.51785069717301,Atlantis-v0,1500.0,60466.666666666664,20510.221205186877,307,38255
136,38.63047000077036,Atlantis-v0,1500.0,60466.666666666664,21910.286156225837,307,38255
136,38.81682160794735,Boxing-v0,-100.0,15.666666666666666,-10.372003093580817,326,37792
137,38.97454640626907,Boxing-v0,-100.0,15.666666666666666,-8.329411764705883,326,37792
137,39.083814416925115,Alien-v0,0.0,790.0,241.7647058823529,289,38893
138,39.17387092192968,Alien-v0,0.0,790.0,260.6682206682207,289,38893
138,39.2928548355235,Asteroids-v0,90.0,4373.333333333333,1694.257964257964,305,38379
139,39.38429724355539,Asteroids-v0,100.0,4373.333333333333,1838.7703016241285,305,38379
139,39.54340034107367,BankHeist-v0,0.0,53.333333333333336,9.829853054911053,307,38746
140,39.678758454124136,BankHeist-v0,0.0,53.333333333333336,11.536098310291855,307,38746
140,39.85321588443385,Centipede-v0,165.0,17347.333333333332,7616.76420890938,294,39723
141,39.988548941546014,Centipede-v0,165.0,17347.333333333332,7864.604403948367,294,39723
141,40.15543743981255,BattleZone-v0,0.0,13333.333333333334,4208.807896735006,341,39923
142,40.30038639287154,BattleZone-v0,0.0,14000.0,4738.927738927738,331,40227
142,40.6171149330669,Bowling-v0,0.0,105.66666666666667,45.0940170940171,295,39742
143,40.8483986757199,Bowling-v0,0.0,105.66666666666667,56.88529638183218,295,39742
143,40.96228628178437,Asteroids-v0,110.0,4466.666666666667,1661.9091608929946,253,40283
144,41.057902383406955,Asteroids-v0,100.0,4466.666666666667,1808.883792048931,253,40283
144,41.26735540211201,Boxing-v0,-100.0,17.0,-7.259938837920487,325,40917
145,41.430195377932655,Boxing-v0,-100.0,17.0,-6.174048174048174,325,40917
145,41.673701842096115,Bowling-v0,0.0,106.66666666666667,60.700077700077706,291,41177
146,41.87734750443035,Bowling-v0,0.0,106.66666666666667,65.69619269619265,291,41177
146,41.980469851228925,Alien-v0,0.0,530.0,240.59052059052055,290,41157
147,42.06675511850251,Alien-v0,0.0,530.0,260.5696689761356,290,41157
147,42.17623259835773,Asteroids-v0,100.0,3766.6666666666665,1756.4819091608929,309,40342
148,42.269979808794126,Asteroids-v0,110.0,4253.333333333333,1880.8177570093465,321,40209
148,42.41795938134194,BankHeist-v0,0.0,53.333333333333336,10.334890965732086,291,41874
149,42.551962980826694,BankHeist-v0,0.0,60.0,11.93745232646834,289,42240
149,42.76212340361542,Boxing-v0,-100.0,16.0,-7.129672006102209,315,41599
150,43.03654687947697,Boxing-v0,-100.0,16.0,-5.879564879564879,315,41599
150,43.1812209471729,BattleZone-v0,0.0,12000.0,4598.290598290603,335,42455
151,43.311689447495674,BattleZone-v0,0.0,12000.0,4931.034482758621,335,42455
151,43.566261746221116,Bowling-v0,0.0,106.33333333333333,60.183141762452074,315,42979
152,43.74600462231371,Bowling-v0,0.0,109.33333333333333,68.01000769822949,291,43229
152,43.91606701539622,Centipede-v0,165.0,17330.666666666668,7561.444957659734,291,33231
153,44.057135608262485,Centipede-v0,165.0,17330.666666666668,8408.800000000001,291,33231
153,44.21390347282092,BankHeist-v0,0.0,46.666666666666664,10.186046511627906,335,43200
154,44.34460318638219,BankHeist-v0,0.0,50.0,12.092846270928456,290,33203
154,44.46611646513144,Asteroids-v0,100.0,3670.0,1794.7945205479443,294,43485
155,44.56296119319068,Asteroids-v0,110.0,3860.0,1784.3537414965983,292,43962
155,44.81126914189922,Bowling-v0,0.0,107.66666666666667,65.73242630385484,327,43779
156,44.999992770353956,Bowling-v0,0.0,109.0,69.97798025816243,322,44245
156,45.1626082477967,Atlantis-v0,1500.0,54300.0,20794.533029612743,334,44104
157,45.28123134116332,Atlantis-v0,1500.0,54300.0,21893.240093240085,334,44104
157,45.381135695311755,Asteroids-v0,100.0,3670.0,1762.0202020202023,294,43485
158,45.475931321382525,Asteroids-v0,100.0,3670.0,1842.6759474091264,294,43485
158,45.64592224326399,Centipede-v0,165.0,16167.0,7798.109048723894,316,44843
159,45.77456845369604,Centipede-v0,165.0,16167.0,8057.62145593869,316,44843
159,45.93374287048976,BattleZone-v0,0.0,12000.0,4769.348659003828,316,45193
160,46.056055035127535,BattleZone-v0,0.0,12000.0,5185.606060606063,316,45193
160,46.16387854821152,Alien-v0,0.0,550.0,239.46212121212133,318,45312
161,46.244888703756864,Alien-v0,0.0,860.0,248.29493087557606,315,45554
161,46.344296726054615,Asteroids-v0,110.0,4066.6666666666665,1640.1228878648249,361,45806
162,46.436331266032326,Asteroids-v0,110.0,4066.6666666666665,1830.862201693611,361,45806
162,46.658249197536044,Boxing-v0,-100.0,17.666666666666668,-7.957659738260198,315,46013
163,46.82841572860877,Boxing-v0,-100.0,17.666666666666668,-4.640909090909089,315,46013
163,47.08443512214555,Bowling-v0,0.0,108.33333333333333,66.73333333333336,324,46189
164,47.27265847649839,Bowling-v0,0.0,108.33333333333333,71.6503496503497,324,46189
164,47.428975659343934,Atlantis-v0,1500.0,59433.333333333336,21218.181818181798,299,46029
165,47.55121020383305,Atlantis-v0,1500.0,59433.333333333336,23361.76012461058,299,46029
165,47.65500519785616,Alien-v0,0.0,1000.0,257.4376947040498,292,46688
166,47.73966787517071,Alien-v0,0.0,1000.0,263.5658914728682,292,46688
166,47.85206179426776,Asteroids-v0,110.0,4066.6666666666665,1795.3565891472856,361,45806
167,47.94341810312536,Asteroids-v0,100.0,4340.0,1831.1163153786117,316,47410
167,48.094820265836184,BankHeist-v0,0.0,60.0,9.7423887587822,323,45481
168,48.22517547607422,BankHeist-v0,0.0,60.0,11.744548286604369,323,45481
168,48.31859301937951,Alien-v0,0.0,860.0,249.43146417445465,315,45554
169,48.40413619187143,Alien-v0,0.0,860.0,261.4341085271318,315,45554
169,48.503625022239156,Asteroids-v0,100.0,3576.6666666666665,1743.3565891472874,316,47959
170,48.59606577912967,Asteroids-v0,100.0,4656.666666666667,1857.3581973581975,323,48132
170,48.80932571086618,Boxing-v0,-100.0,21.333333333333332,-7.788655788655785,290,48211
171,48.97819535871347,Boxing-v0,-100.0,21.333333333333332,-7.358796296296298,290,48211
171,49.07493221607473,Alien-v0,0.0,860.0,262.6697530864198,315,45554
172,49.16147578563955,Alien-v0,0.0,860.0,277.9400749063675,315,45554
172,49.31408779727088,BattleZone-v0,0.0,12333.333333333334,4746.816479400746,351,48892
173,49.43350185751915,BattleZone-v0,0.0,13666.666666666666,5155.2941176470595,338,49056
173,49.677528011865085,Bowling-v0,0.0,108.66666666666667,66.80941176470584,290,48777
174,49.87581995394495,Bowling-v0,0.0,112.66666666666667,65.8611764705882,291,48588
174,50.01774721966849,Atlantis-v0,1500.0,54500.0,19415.137254901954,350,48606
175,50.13964152250025,Atlantis-v0,1500.0,54500.0,23169.70404984423,350,48606
175,50.24057733959622,Alien-v0,0.0,860.0,258.25545171339564,315,45554
176,50.32654355665048,Alien-v0,0.0,860.0,262.29118773946357,315,45554
176,50.50392628325356,Centipede-v0,165.0,14750.0,7607.857471264366,295,49882
177,50.64467023068004,Centipede-v0,150.0,16774.0,8129.713070378967,299,50170
177,50.789200717012086,BattleZone-v0,0.0,12333.333333333334,4846.8677494199555,304,50136
178,50.90255605326759,BattleZone-v0,0.0,13333.333333333334,5510.392609699769,367,50454
178,50.996265560322335,Alien-v0,0.0,860.0,253.37952270977678,315,45554
179,51.084843243492976,Alien-v0,0.0,860.0,246.69724770642205,315,45554
179,51.201764904194405,Asteroids-v0,110.0,4430.0,1580.4969418960254,336,50440
180,51.29724601414468,Asteroids-v0,100.0,4430.0,1848.7981859410422,336,50440
180,51.54733811530802,Bowling-v0,0.0,104.66666666666667,67.18594104308391,319,48832
181,51.75178995397356,Bowling-v0,0.0,110.0,65.61019607843137,314,51166
181,51.91302582985825,Centipede-v0,165.0,15183.666666666666,7405.128627450985,290,51016
182,52.041278965208264,Centipede-v0,163.33333333333334,15949.666666666666,8042.613178294578,322,51451
182,52.18225204686324,BankHeist-v0,0.0,53.333333333333336,10.023255813953487,343,48833
183,52.29951824539238,BankHeist-v0,0.0,53.333333333333336,12.648401826484013,343,48833
183,52.516324409511355,Boxing-v0,-100.0,15.666666666666666,-6.080669710806698,306,51964
184,52.67788094990783,Boxing-v0,-100.0,15.666666666666666,-6.004694835680751,306,51964
184,52.78518960939513,Alien-v0,0.0,860.0,244.26447574334912,315,45554
185,52.87953894224432,Alien-v0,0.0,860.0,264.11674347158214,315,45554
185,53.0066998628113,BankHeist-v0,0.0,56.666666666666664,11.904761904761903,341,51750
186,53.13686545915074,BankHeist-v0,0.0,56.666666666666664,13.519379844961234,341,51750
186,53.294749532673094,BattleZone-v0,0.0,14333.333333333334,4735.658914728682,314,52779
187,53.417575552662214,BattleZone-v0,0.0,14333.333333333334,5208.909370199693,314,52779
187,53.6406727421946,Bowling-v0,0.0,102.66666666666667,67.03763440860219,297,53050
188,53.82819961362415,Bowling-v0,0.0,102.66666666666667,65.83136327817185,297,53050
188,53.98742896768782,Centipede-v0,165.0,16774.0,7466.4334121355405,303,52961
189,54.12680267453194,Centipede-v0,165.0,16774.0,8340.359875097583,303,52961
189,54.331506427990064,Boxing-v0,-100.0,17.0,-6.4184231069477,290,52700
190,54.50265326135688,Boxing-v0,-100.0,17.0,-4.368663594470045,290,52700
190,54.70104474862416,Bowling-v0,0.0,102.33333333333333,71.74270353302612,329,53232
191,54.8844255963299,Bowling-v0,0.0,102.33333333333333,71.15646258503399,329,53232
191,55.03117342015108,Centipede-v0,165.0,14419.666666666666,7687.642479213907,353,52672
192,55.16002918250031,Centipede-v0,165.0,15593.666666666666,8423.423402617402,318,53313
192,55.31035901513365,BattleZone-v0,0.0,12666.666666666666,4866.82063125481,366,54425
193,55.43037636551592,BattleZone-v0,0.0,12666.666666666666,5456.181533646324,366,54425
193,55.62338864531782,Bowling-v0,0.0,104.66666666666667,72.26056338028165,300,51206
194,55.80875597072972,Bowling-v0,0.0,112.33333333333333,67.03156274056965,333,54899
194,55.91776578128338,Alien-v0,0.0,570.0,239.07621247113167,299,54926
195,56.00680286321375,Alien-v0,0.0,763.3333333333334,260.55944055944065,341,55115
195,56.12514466974471,Asteroids-v0,100.0,3760.0,1700.7925407925413,329,53232
196,56.21620514512062,Asteroids-v0,110.0,4520.0,1811.2971698113201,348,55483
196,56.414161688486736,Boxing-v0,-100.0,16.333333333333332,-6.330188679245283,320,55576
197,56.57990102993117,Boxing-v0,-100.0,16.333333333333332,-5.71219135802469,320,55576
197,56.72034681783782,BankHeist-v0,0.0,50.0,10.09259259259259,342,55925
198,56.84886610613929,BankHeist-v0,0.0,60.0,12.455735180908395,321,56227
198,56.949529476298224,Alien-v0,0.0,546.6666666666666,247.4826789838339,402,56014
199,57.03376498215729,Alien-v0,0.0,546.6666666666666,251.81889149102273,402,56014
199,57.18114605055915,Atlantis-v0,1500.0,44100.0,19820.765027322395,294,56261
200,57.412625285519496,Atlantis-v0,1500.0,48966.666666666664,21423.171670515807,317,56649
200,57.58531177308824,Centipede-v0,165.0,15593.666666666666,7733.317936874513,340,56621
201,57.71526374969218,Centipede-v0,165.0,16774.0,8263.519813519817,373,56824
201,57.929026181234256,Bowling-v0,0.0,115.66666666666667,69.028749028749,295,56755
202,58.113814239303274,Bowling-v0,0.0,115.66666666666667,67.55581039755357,295,56755
202,58.236839244829284,Asteroids-v0,100.0,4070.0,1736.766055045872,356,57265
203,58.336804214782184,Asteroids-v0,100.0,4110.0,1866.983758700695,347,57368
203,58.54649797896544,Boxing-v0,-100.0,16.0,-7.0858468677494235,297,56631
204,58.714980720612736,Boxing-v0,-100.0,16.0,-6.724056603773587,297,56631
204,58.87411167283853,Centipede-v0,165.0,15593.666666666666,7653.077044025154,340,56621
205,59.00381688098113,Centipede-v0,165.0,15669.333333333334,8508.894044856925,291,58145
205,59.161596580147744,BattleZone-v0,0.0,12666.666666666666,4846.094354215007,299,58089
206,59.28109160727925,BattleZone-v0,0.0,12666.666666666666,5427.570093457942,299,58089
206,59.41872260835436,Atlantis-v0,1500.0,58866.666666666664,19606.93146417445,321,57361
207,59.53041060361597,Atlantis-v0,1500.0,63166.666666666664,20921.647058823524,305,58482
207,59.63640845888191,Alien-v0,0.0,560.0,240.43137254901967,297,58102
208,59.72461090723674,Alien-v0,0.0,560.0,253.8914373088682,297,58102
208,59.88064448171192,BankHeist-v0,0.0,50.0,9.296636085626915,290,58837
209,60.00885854932997,BankHeist-v0,0.0,60.0,12.535211267605632,339,59204
209,60.14769182900588,BattleZone-v0,0.0,12000.0,4827.856025039122,292,59162
210,60.26705790910456,BattleZone-v0,0.0,16666.666666666668,5303.099017384731,299,59443
210,60.40429319255882,Atlantis-v0,1500.0,40933.333333333336,20931.14134542706,316,58905
211,60.51030293855402,Atlantis-v0,1500.0,46066.666666666664,21315.59778305622,316,59751
211,60.74847181704309,Bowling-v0,0.0,103.33333333333333,64.2604908946952,337,59634
212,60.94265508996116,Bowling-v0,0.0,105.33333333333333,67.63103721298494,354,60028
212,61.0592884108093,Asteroids-v0,110.0,5210.0,1720.7680126682494,330,59979
213,61.15471123947037,Asteroids-v0,110.0,5210.0,1849.4884092725829,330,59979
213,61.29780880490939,BattleZone-v0,0.0,13666.666666666666,4892.08633093525,301,60122
214,61.41672070092625,BattleZone-v0,0.0,13666.666666666666,5444.7058823529405,301,60122
214,61.55747315519386,BankHeist-v0,0.0,56.666666666666664,9.929411764705884,322,60544
215,61.676973385943306,BankHeist-v0,0.0,56.666666666666664,11.124031007751936,322,60544
215,61.888055389324826,Boxing-v0,-100.0,16.0,-8.382945736434102,377,60869
216,62.04720302992397,Boxing-v0,-100.0,16.0,-4.738823529411766,377,60869
216,62.160462610522906,Asteroids-v0,100.0,3930.0,1783.3411764705872,352,60556
217,62.2543797202905,Asteroids-v0,100.0,4443.333333333333,1857.2116903633496,327,61441
217,62.418480990661514,Centipede-v0,165.0,15651.666666666666,7420.921011058456,301,61319
218,62.54466536144415,Centipede-v0,165.0,16418.0,8198.902612826601,411,61740
218,62.752450291977986,Bowling-v0,0.0,107.33333333333333,66.14726840855107,327,55765
219,62.937820622722306,Bowling-v0,0.0,108.66666666666667,68.11188271604941,348,61889
219,63.090801350076994,BattleZone-v0,0.0,14000.0,4718.364197530865,319,61366
220,63.21803910672665,BattleZone-v0,0.0,14000.0,5316.199376947035,319,61366
220,63.36464160627789,Centipede-v0,165.0,15651.666666666666,7676.335669781929,301,61319
221,63.49193630039692,Centipede-v0,165.0,15651.666666666666,8081.816118935832,301,61319
221,63.62546808918317,BankHeist-v0,0.0,50.0,9.115805946791856,330,62450
222,63.75131818731626,BankHeist-v0,0.0,56.666666666666664,12.20902612826603,363,62717
222,63.9620764519771,Boxing-v0,-100.0,16.333333333333332,-9.108471892319871,290,62745
223,64.125494827297,Boxing-v0,-100.0,17.333333333333332,-7.599537037037033,297,63127
223,64.27100989056959,BattleZone-v0,0.0,13666.666666666666,4837.962962962966,329,62964
224,64.39879325687885,BattleZone-v0,0.0,13666.666666666666,5516.003122560505,329,62964
224,64.61308592306243,Bowling-v0,0.0,111.33333333333333,65.84933645589383,300,62208
225,64.80248866584566,Bowling-v0,0.0,115.66666666666667,65.84178187403992,376,63489
225,64.94968988213274,Atlantis-v0,1500.0,46133.333333333336,19460.138248847936,295,63495
226,65.0630824651983,Atlantis-v0,1500.0,47266.666666666664,21375.778816199374,303,63983
226,65.1715184011062,Alien-v0,0.0,513.3333333333334,239.92211838006233,345,63881
227,65.25718196895387,Alien-v0,0.0,513.3333333333334,258.9234449760765,345,63881
227,65.46012606243292,Boxing-v0,-100.0,16.0,-5.69617224880383,320,54746
228,65.62787861671713,Boxing-v0,-100.0,16.0,-4.631007751937985,320,54746
228,65.77595994545354,BattleZone-v0,0.0,11666.666666666666,4946.511627906974,345,58208
229,65.90038973973857,BattleZone-v0,0.0,11666.666666666666,5628.440366972474,345,58208
229,66.05758819089995,BankHeist-v0,0.0,66.66666666666667,9.021406727828747,331,64576
230,66.19148792511886,BankHeist-v0,0.0,66.66666666666667,11.043613707165099,331,64576
230,66.30193689544996,Asteroids-v0,100.0,3803.3333333333335,1499.1433021806854,348,64600
231,66.39192426198059,Asteroids-v0,90.0,3973.3333333333335,1730.9190031152652,346,65333
231,66.52314111000962,BattleZone-v0,0.0,11666.666666666666,5003.894080996884,345,58208
232,66.6353894476758,BattleZone-v0,0.0,15333.333333333334,5770.833333333335,295,65668
232,66.73813626348972,Alien-v0,0.0,536.6666666666666,242.31481481481484,302,65158
233,66.82242336776521,Alien-v0,0.0,986.6666666666666,245.50039401103234,333,65940
233,66.9225018828445,Asteroids-v0,100.0,4720.0,1618.4475965327033,320,65845
234,67.01505920430024,Asteroids-v0,100.0,4720.0,1781.048513302034,320,65845
234,67.15976135181056,BankHeist-v0,0.0,53.333333333333336,10.414710485133018,297,64065
235,67.28926030423906,BankHeist-v0,0.0,53.333333333333336,12.407407407407412,297,64065
235,67.4421963903639,Atlantis-v0,1500.0,49866.666666666664,20234.413580246914,289,66347
236,67.55508713887798,Atlantis-v0,1500.0,49866.666666666664,21308.97736143638,289,66347
236,67.65573383688927,Alien-v0,0.0,986.6666666666666,265.9718969555035,333,65940
237,67.74336563739512,Alien-v0,0.0,986.6666666666666,269.937984496124,336,65940
237,67.9191779526737,Centipede-v0,165.0,14471.333333333334,7417.927131782948,382,67049
238,68.04799555003643,Centipede-v0,165.0,14471.333333333334,7981.720379146917,382,67049
238,68.17594389359157,Atlantis-v0,1500.0,53666.666666666664,20933.570300157982,334,67094
239,68.27793042461077,Atlantis-v0,1500.0,53666.666666666664,21004.460093896712,331,67094
239,68.38503341674804,Asteroids-v0,110.0,4720.0,1629.4209702660407,320,65845
240,68.48038140237331,Asteroids-v0,110.0,4720.0,1828.9719626168207,320,65845
240,68.68912553727627,Boxing-v0,-100.0,22.0,-7.423676012461065,335,67833
241,68.85269985119501,Boxing-v0,-100.0,22.0,-5.001529051987765,335,67833
241,68.99002507872052,Atlantis-v0,1500.0,54033.333333333336,22647.553516819575,331,68116
242,69.10755628354019,Atlantis-v0,1500.0,57833.333333333336,24221.682098765432,332,67955
242,69.2425983554787,BankHeist-v0,0.0,70.0,9.783950617283947,309,67921
243,69.37171169744597,BankHeist-v0,0.0,70.0,12.81323877068558,309,67921
243,69.47381636083126,Asteroids-v0,100.0,3896.6666666666665,1661.111111111111,335,68648
244,69.5654525084628,Asteroids-v0,90.0,3896.6666666666665,1789.6475095785413,335,68648
244,69.76287404841847,Boxing-v0,-100.0,20.333333333333332,-7.359386973180079,319,67984
245,69.91694850385188,Boxing-v0,-100.0,20.333333333333332,-7.134421134421132,319,67984
245,70.05885025799275,Atlantis-v0,1500.0,54433.333333333336,24753.457653457644,344,69096
246,70.18489046666357,Atlantis-v0,1500.0,59900.0,27770.128824476666,341,69472
246,70.34764718049102,BattleZone-v0,0.0,11666.666666666666,3872.785829307569,345,58208
247,70.47332757771015,BattleZone-v0,0.0,12000.0,4681.603773584906,320,69792
247,70.64231487823857,Centipede-v0,165.0,15869.0,7241.030660377354,357,68976
248,70.76666094998518,Centipede-v0,165.0,15869.0,7575.490937746257,357,68976
248,70.87671311967902,Asteroids-v0,110.0,4420.0,1479.5429472025235,360,69375
249,70.97296285251777,Asteroids-v0,90.0,4420.0,1735.7716049382711,360,69375
249,71.17318092644214,Boxing-v0,-100.0,18.0,-8.22222222222223,352,65383
250,71.46991620547242,Boxing-v0,-100.0,19.333333333333332,-8.268081761006286,331,70502
250,71.61990566598044,Atlantis-v0,1500.0,63233.333333333336,26034.51257861637,335,70468
251,71.75700294991334,Atlantis-v0,1500.0,64400.0,31280.94117647058,369,70750
251,71.91561798069212,BankHeist-v0,0.0,60.0,12.501960784313729,330,70236
252,72.04645459559228,BankHeist-v0,0.0,70.0,16.07338017174083,341,71114
252,72.1545837407642,Alien-v0,0.0,510.0,242.3575331772054,349,71199
253,72.2482452795903,Alien-v0,0.0,510.0,262.83410138248854,349,71199
253,72.42836184574499,Centipede-v0,165.0,15876.0,7819.71889400922,341,71046
254,72.56298057324356,Centipede-v0,165.0,15876.0,8150.200153964577,341,71046
254,72.6835036062532,Asteroids-v0,100.0,4446.666666666667,1716.0123171670537,381,71712
255,72.77861067096393,Asteroids-v0,110.0,4446.666666666667,1824.7961630695434,381,71712
255,73.24591252565384,Bowling-v0,0.0,106.66666666666667,18.463629096722624,360,69789
256,73.54576202551524,Bowling-v0,0.0,106.66666666666667,38.123543123543165,360,69789
256,73.71428863916132,BankHeist-v0,0.0,66.66666666666667,11.701631701631708,331,72110
257,73.84776618076695,BankHeist-v0,0.0,66.66666666666667,13.710691823899364,331,72110
257,73.94759189175235,Alien-v0,0.0,520.0,250.33018867924545,298,72619
258,74.03403408699566,Alien-v0,0.0,520.0,253.34099616858242,298,72619
258,74.34700598233276,Bowling-v0,0.0,109.0,41.90038314176244,416,72907
259,74.57986606233649,Bowling-v0,0.0,109.0,56.56046511627907,416,72907
259,74.68781396528085,Asteroids-v0,90.0,4446.666666666667,1571.682170542636,381,71712
260,74.7745465538899,Asteroids-v0,90.0,4446.666666666667,1752.6382306477105,381,71712
260,74.93784328341484,Centipede-v0,165.0,16774.0,7341.908372827805,336,72635
261,75.07374972469277,Centipede-v0,165.0,16774.0,8198.055821371609,336,72635
261,75.28254946331184,Boxing-v0,-100.0,19.0,-7.808612440191392,350,72967
262,75.44850327511628,Boxing-v0,-100.0,19.0,-6.089147286821706,350,72967
262,75.55060467104117,Asteroids-v0,100.0,3656.6666666666665,1689.620155038759,361,74027
263,75.64445171621111,Asteroids-v0,80.0,3743.3333333333335,1871.163895486936,396,74096
263,75.80891763932175,BattleZone-v0,0.0,11000.0,4228.820269200317,304,50167
264,75.93434886409177,BattleZone-v0,0.0,11000.0,4899.37106918239,304,50167
264,76.07901273436016,BankHeist-v0,0.0,63.333333333333336,10.911949685534585,402,74521
265,76.20608266128434,BankHeist-v0,0.0,63.333333333333336,13.285827395091061,402,74521
265,76.49385593076546,Bowling-v0,0.0,106.66666666666667,49.299287410926354,360,69789
266,76.69170461820231,Bowling-v0,0.0,106.66666666666667,62.533333333333346,360,69789
266,76.85034057272806,Atlantis-v0,1500.0,56633.333333333336,22495.45098039217,385,74389
267,76.9612265272273,Atlantis-v0,1500.0,65033.333333333336,25522.195704057292,330,75319
267,77.07200354655583,Asteroids-v0,100.0,3926.6666666666665,1765.306284805091,291,75201
268,77.16292265223132,Asteroids-v0,110.0,4863.333333333333,1842.2456964006274,400,75441
268,77.30664396537675,BattleZone-v0,0.0,13333.333333333334,4497.652582159627,370,75436
269,77.4274435580439,BattleZone-v0,0.0,13333.333333333334,5168.246445497631,370,75436
269,77.53142856445578,Alien-v0,0.0,836.6666666666666,246.91943127962088,412,75474
270,77.62286305089792,Alien-v0,0.0,836.6666666666666,248.74329501915713,412,75474
270,77.90402999546792,Bowling-v0,0.0,105.33333333333333,52.296551724137906,372,75784
271,78.10645980980661,Bowling-v0,0.0,114.0,62.42802155504236,327,76411
271,78.24043187260628,BattleZone-v0,0.0,13000.0,4949.191685912239,364,75638
272,78.3770000431935,BattleZone-v0,0.0,13000.0,5605.850654349503,364,75638
272,78.47140730460485,Alien-v0,0.0,836.6666666666666,248.70669745958415,412,75474
273,78.55714082446363,Alien-v0,0.0,836.6666666666666,256.47754137115857,412,75474
273,78.7322044189771,Centipede-v0,165.0,16062.0,7537.870764381399,312,76910
274,78.85754960914453,Centipede-v0,165.0,16062.0,7853.813862928339,312,76910
274,79.06974794957372,Bowling-v0,0.0,108.33333333333333,65.93302180685357,425,76730
275,79.24722104754713,Bowling-v0,0.0,108.33333333333333,67.35198135198137,425,76730
275,79.39543360014757,Atlantis-v0,1500.0,53933.333333333336,20719.658119658125,370,77505
276,79.51394873440266,Atlantis-v0,1500.0,54033.333333333336,23966.666666666642,370,77781
276,79.60865774214268,Alien-v0,0.0,533.3333333333334,249.27330173775678,428,76730
277,79.69713516341315,Alien-v0,0.0,533.3333333333334,251.41960784313721,425,76730
277,79.90614004843765,Boxing-v0,-100.0,16.666666666666668,-7.244705882352939,415,77818
278,80.07390485770172,Boxing-v0,-100.0,16.666666666666668,-5.618055555555559,415,77818
278,80.23751313236025,Centipede-v0,163.33333333333334,15593.666666666666,7259.369598765431,390,78406
279,80.37119511213568,Centipede-v0,165.0,17130.0,8361.52941176471,343,78686
279,80.61512437853548,Bowling-v0,0.0,108.33333333333333,59.203921568627436,425,76730
280,80.81004731158416,Bowling-v0,0.0,114.0,63.20803782505906,353,78918
280,80.96175985415776,BattleZone-v0,0.0,17333.333333333332,4676.122931442081,6,78817
281,81.0917856316434,BattleZone-v0,0.0,17333.333333333332,4995.391705069124,6,78817
281,81.24039855089453,Atlantis-v0,1500.0,55533.333333333336,21319.047619047626,411,78671
282,81.35269257677926,Atlantis-v0,1500.0,55533.333333333336,23044.927536231884,411,78671
282,81.50120128439532,BankHeist-v0,0.0,50.0,9.33977455716586,370,79329
283,81.61775547259384,BankHeist-v0,0.0,70.0,13.301812450748619,377,79673
283,81.85879064546691,Bowling-v0,0.0,104.0,58.98581560283688,358,79520
284,82.05947404616408,Bowling-v0,0.0,104.0,60.5627906976744,358,79520
284,82.22446026749081,Centipede-v0,165.0,17130.0,7442.495348837215,343,78686
285,82.3561525198486,Centipede-v0,165.0,17130.0,8063.41472868217,343,78686
285,82.4696736124489,Asteroids-v0,110.0,3613.3333333333335,1553.2170542635663,350,80316
286,82.56379483554099,Asteroids-v0,90.0,3806.6666666666665,1769.9067599067616,401,80632
286,82.77185208426582,Boxing-v0,-100.0,14.666666666666666,-6.488733488733487,359,80555
287,82.93069357905122,Boxing-v0,-100.0,19.666666666666668,-5.0441860465116255,329,80754
287,83.15822166654799,Bowling-v0,0.0,103.33333333333333,62.376744186046494,372,80715
288,83.3371072357893,Bowling-v0,0.0,104.0,67.34827044025162,345,58208
288,83.49139406058524,Centipede-v0,165.0,15463.666666666666,7584.547955974839,273,80905
289,83.6209848948982,Centipede-v0,165.0,16418.0,8480.323965651834,437,81289
289,83.77152861628268,Atlantis-v0,1500.0,54300.0,21699.60967993756,414,80846
290,83.89526130901443,Atlantis-v0,1500.0,54300.0,25809.19811320754,414,80846
290,84.05893665452798,BattleZone-v0,0.0,11666.666666666666,4577.044025157233,341,80760
291,84.17265568269623,BattleZone-v0,0.0,13000.0,5127.777777777776,6,81898
291,84.28260042779975,Alien-v0,0.0,510.0,238.246031746032,411,81400
292,84.36622800191243,Alien-v0,0.0,820.0,244.45226917057894,411,82284
292,84.49336944964197,Atlantis-v0,1500.0,55100.0,24009.154929577464,413,82064
293,84.61575515415933,Atlantis-v0,1500.0,60900.0,27005.9382422803,425,82571
293,84.7332796557082,Asteroids-v0,100.0,3860.0,1551.2351543942984,425,82571
294,84.82861857261922,Asteroids-v0,100.0,3860.0,1807.6019184652282,425,82571
294,84.97558397332827,BattleZone-v0,0.0,12333.333333333334,4286.171063149482,428,81862
295,85.10267553773191,BattleZone-v0,0.0,12666.666666666666,4762.360446570972,344,83101
295,85.24092772126198,BankHeist-v0,0.0,70.0,11.778309409888356,372,82976
296,85.34646135826905,BankHeist-v0,0.0,80.0,14.393574297188746,336,83201
296,85.55630346682337,Boxing-v0,-100.0,18.666666666666668,-7.230522088353412,412,82382
297,85.72428537554211,Boxing-v0,-100.0,19.0,-4.057254901960784,493,83591
297,86.00243311610487,Bowling-v0,0.0,106.33333333333333,57.10117647058823,357,82912
298,86.18977956765228,Bowling-v0,0.0,106.33333333333333,65.28536585365856,357,82912
298,86.36743557552496,Centipede-v0,165.0,14668.666666666666,7757.954471544719,431,83428
299,86.50249336103599,Centipede-v0,165.0,15593.666666666666,8185.582539682536,402,84151
299,86.61064374844233,Alien-v0,0.0,506.6666666666667,250.66666666666666,335,83533
300,86.81376985198922,Alien-v0,0.0,506.6666666666667,258.5770440251571,335,83533
300,86.94095320165157,BankHeist-v0,0.0,53.333333333333336,11.79245283018868,329,83510
301,87.04995549135738,BankHeist-v0,0.0,56.666666666666664,14.413145539906111,370,84561
301,87.21810731079843,Atlantis-v0,1500.0,58100.0,27501.48669796556,408,84176
302,87.3546515733666,Atlantis-v0,1500.0,62800.0,31943.317610062895,426,84766
302,87.51714016781914,Centipede-v0,165.0,14769.333333333334,7527.459905660378,430,84326
303,87.64791304389635,Centipede-v0,165.0,15593.666666666666,8196.585691823904,359,85089
303,87.90860523475541,Bowling-v0,0.0,103.66666666666667,57.72720125786163,324,84023
304,88.10288114183479,Bowling-v0,0.0,103.66666666666667,62.5160031225605,324,84023
304,88.26269912832313,BattleZone-v0,0.0,13666.666666666666,3816.5495706479305,425,85266
305,88.38548182268937,BattleZone-v0,0.0,15000.0,4779.874213836481,435,85590
305,88.52406395461824,BankHeist-v0,0.0,63.333333333333336,11.855345911949687,413,85770
306,88.63327472276158,BankHeist-v0,0.0,63.333333333333336,14.552652414885188,413,85770
306,88.800247190396,Atlantis-v0,1500.0,59633.333333333336,28702.771179730797,414,85614
307,88.93774366398652,Atlantis-v0,1500.0,61033.333333333336,32723.365231259962,422,86321
307,89.10355350342061,Centipede-v0,165.0,14478.333333333334,7626.173046251995,428,86140
308,89.23519440611203,Centipede-v0,165.0,16664.0,8091.417862838914,328,86578
308,89.44313416434659,Boxing-v0,-100.0,18.666666666666668,-7.982456140350879,350,86536
309,89.60559354980786,Boxing-v0,-100.0,22.0,-6.745843230403798,433,86842
309,89.70912021352186,Alien-v0,0.0,796.6666666666666,241.6072842438639,346,66789
310,89.80343699640697,Alien-v0,0.0,796.6666666666666,255.31782945736452,346,66789
310,89.95776266170873,BattleZone-v0,0.0,13333.333333333334,3764.3410852713187,373,87074
311,90.08637812270058,BattleZone-v0,0.0,13333.333333333334,4637.715179968703,373,87074
311,90.20438229514492,Asteroids-v0,100.0,4193.333333333333,1531.7762128325496,414,87236
312,90.29483443664179,Asteroids-v0,110.0,4193.333333333333,1655.0835322195694,414,87236
312,90.38845667388703,Alien-v0,0.0,533.3333333333334,244.69371519490872,458,87530
313,90.47165502296554,Alien-v0,0.0,823.3333333333334,254.5539906103285,419,87964
313,90.67625943322976,Boxing-v0,-100.0,17.666666666666668,-7.187010954616587,413,87266
314,90.83235290024015,Boxing-v0,-100.0,17.666666666666668,-4.697472353870458,413,87266
314,91.00700485249361,Centipede-v0,165.0,15516.333333333334,7520.96840442338,354,88242
315,91.1412757938438,Centipede-v0,165.0,16167.0,8110.695170229611,502,88540
315,91.3212084930473,Atlantis-v0,1500.0,59566.666666666664,28341.96357878071,456,88569
316,91.45114794651667,Atlantis-v0,1500.0,59566.666666666664,31477.33644859815,456,88569
316,91.68769513646761,Bowling-v0,0.0,104.66666666666667,62.92601246105917,502,88208
317,91.86266601310835,Bowling-v0,0.0,106.66666666666667,69.71417260490888,333,88941
317,91.96709754983584,Alien-v0,0.0,506.6666666666667,250.25336500395906,413,84791
318,92.057464944058,Alien-v0,0.0,530.0,262.32253086419746,416,89177
318,92.22147300885783,Atlantis-v0,1500.0,59966.666666666664,33273.30246913579,500,89154
319,92.36036348773374,Atlantis-v0,1500.0,62800.0,36947.36012608352,458,89588
319,92.53641906778017,Bowling-v0,0.0,104.66666666666667,72.14420803782508,502,88208
320,92.70535757342974,Bowling-v0,0.0,115.66666666666667,71.05689102564094,356,89815
320,92.91396989259455,Boxing-v0,-100.0,18.0,-6.430288461538458,414,89395
321,93.07944220079317,Boxing-v0,-100.0,18.0,-3.2666666666666675,414,89395
321,93.24548991872204,BattleZone-v0,0.0,13666.666666666666,3735.6862745098065,412,89934
322,93.37833315485054,BattleZone-v0,0.0,13666.666666666666,4141.726049089471,412,89934
322,93.47939747783873,Alien-v0,0.0,546.6666666666666,239.57244655581957,342,90304
323,93.56751340793238,Alien-v0,0.0,686.6666666666666,241.52713178294593,418,90578
323,93.74837872571415,Boxing-v0,-100.0,18.0,-7.88217054263566,414,89395
324,93.90701182789273,Boxing-v0,-100.0,18.0,-4.630503144654089,414,89395
324,94.02361747523149,Asteroids-v0,100.0,3913.3333333333335,1530.0078616352203,412,90538
325,94.12263784494665,Asteroids-v0,100.0,3913.3333333333335,1705.7098765432095,412,90538
