tpgGen,hoursElapsed,envName,tpgMin,tpgMax,tpgAvg,eliteSize,eliteUid
0,0.27758320192495983,Alien-v0,0.0,926.6666666666666,133.54844850561594,25,60112
0,0.5038522450791465,Asteroids-v0,80.0,7653.333333333333,689.3927279649748,5,81280
0,0.7271652994553248,Atlantis-v0,1500.0,71000.0,7345.764325147534,35,92864
0,1.5305564652548895,BankHeist-v0,0.0,193.33333333333334,15.880449267085481,55,70068
0,2.2500420736604267,BattleZone-v0,0.0,46666.666666666664,4595.088520845231,23,186830
0,3.676179912752575,Bowling-v0,0.0,131.33333333333334,13.706643822577568,90,135229
0,4.27703042546908,Boxing-v0,-100.0,52.0,-32.87264420331238,14,150293
0,4.594832512140274,Centipede-v0,156.0,18794.666666666668,3382.3198172472876,10,67043
1,4.650892963674333,Alien-v0,0.0,926.6666666666666,177.30303030303048,25,60112
1,4.677944965958595,Asteroids-v0,90.0,7653.333333333333,1137.3484848484838,5,81280
1,4.699925988978809,Atlantis-v0,1500.0,71000.0,6944.772727272728,35,92864
1,4.774874621563487,BankHeist-v0,0.0,193.33333333333334,14.999999999999995,55,70068
1,4.833206817971336,BattleZone-v0,0.0,46666.666666666664,4640.151515151519,23,186830
1,4.948303271002239,Bowling-v0,0.0,131.33333333333334,12.366666666666669,90,135229
1,5.003279508484734,Boxing-v0,-100.0,52.0,-35.18674242424244,14,150293
1,5.033257150981162,Centipede-v0,156.0,18794.666666666668,3171.506439393938,10,67043
2,5.059361054831081,Alien-v0,0.0,926.6666666666666,268.4586180713742,25,60112
2,5.063860452373823,Asteroids-v0,90.0,7653.333333333333,907.8359908883826,5,81280
2,5.072506105038855,Atlantis-v0,1500.0,71000.0,6594.988610478359,35,92864
2,5.095380953417884,BankHeist-v0,0.0,193.33333333333334,11.989369779802585,55,70068
2,5.113795682522985,BattleZone-v0,0.0,46666.666666666664,3932.4221716021257,23,186830
2,5.146575040221214,Bowling-v0,0.0,131.33333333333334,13.96886864085042,90,135229
2,5.159986854857869,Boxing-v0,-100.0,52.0,-34.45634016704632,14,150293
2,5.17085940029886,Centipede-v0,156.0,18794.666666666668,2915.684130599847,10,67043
3,5.236061844891972,Alien-v0,0.0,926.6666666666666,284.2698412698412,25,60112
3,5.28235186583466,Asteroids-v0,90.0,7653.333333333333,496.64285714285734,5,81280
3,5.334392695228259,Atlantis-v0,1500.0,71000.0,4786.349206349206,35,92864
3,5.4701009601354595,BankHeist-v0,0.0,193.33333333333334,9.634920634920636,55,70068
3,5.575969697038333,BattleZone-v0,0.0,46666.666666666664,3377.7777777777765,23,186830
3,5.78011871404118,Bowling-v0,0.0,131.33333333333334,12.706349206349202,90,135229
3,5.879303431047334,Boxing-v0,-100.0,52.0,-32.8420634920635,14,150293
3,5.93130099899239,Centipede-v0,156.0,18794.666666666668,2258.730952380952,10,67043
4,5.999063396784995,Alien-v0,0.0,926.6666666666666,270.9069767441859,25,60112
4,6.04353361679448,Asteroids-v0,90.0,7653.333333333333,511.76744186046506,5,81280
4,6.0874417549371715,Atlantis-v0,1500.0,71000.0,5182.170542635659,35,92864
4,6.226553728315565,BankHeist-v0,0.0,193.33333333333334,9.883720930232558,55,70068
4,6.339666851096683,BattleZone-v0,0.0,46666.666666666664,3358.9147286821694,23,186830
4,6.547235556046168,Bowling-v0,0.0,131.33333333333334,11.83488372093023,90,135229
4,6.6444817715220985,Boxing-v0,-100.0,52.0,-33.29069767441863,14,150293
4,6.699823031756613,Centipede-v0,158.33333333333334,18794.666666666668,2405.327131782947,10,67043
5,6.7695175752374865,Alien-v0,0.0,926.6666666666666,273.1137254901959,25,60112
5,6.810350989500682,Asteroids-v0,90.0,7653.333333333333,527.3647058823528,5,81280
5,6.8530281024509,Atlantis-v0,1500.0,71000.0,4125.882352941176,35,92864
5,6.985581248137686,BankHeist-v0,0.0,193.33333333333334,9.019607843137255,55,70068
5,7.080365915563371,BattleZone-v0,0.0,46666.666666666664,3613.333333333334,23,186830
5,7.299243086708916,Bowling-v0,0.0,131.33333333333334,12.698823529411763,90,135229
5,7.402438126272625,Boxing-v0,-100.0,52.0,-33.47843137254903,14,150293
5,7.4634574201371935,Centipede-v0,156.0,18794.666666666668,2655.6258823529406,10,67043
6,7.533789513044887,Alien-v0,0.0,926.6666666666666,277.5800156128025,25,60112
6,7.568007925947507,Asteroids-v0,90.0,7653.333333333333,564.020296643247,5,81280
6,7.612801510625415,Atlantis-v0,1500.0,71000.0,5554.098360655737,35,92864
6,7.741167216367192,BankHeist-v0,0.0,193.33333333333334,7.993754879000782,55,70068
6,7.839671732717091,BattleZone-v0,0.0,46666.666666666664,3410.616705698674,23,186830
6,8.052248412039544,Bowling-v0,0.0,131.33333333333334,9.66120218579235,90,135229
6,8.145903072158495,Boxing-v0,-100.0,52.0,-35.38719750195158,14,150293
6,8.204004728926552,Centipede-v0,156.0,18794.666666666668,2683.922716627635,10,67043
7,8.27409364302953,Alien-v0,0.0,926.6666666666666,275.843137254902,25,60112
7,8.321937742829324,Asteroids-v0,90.0,7653.333333333333,479.95294117647086,5,81280
7,8.360275299747785,Atlantis-v0,1500.0,71000.0,4476.86274509804,35,92864
7,8.503653705649906,BankHeist-v0,0.0,193.33333333333334,10.392156862745097,55,70068
7,8.621568607621724,BattleZone-v0,0.0,46666.666666666664,3046.2745098039213,23,186830
7,8.838828142815165,Bowling-v0,0.0,131.33333333333334,13.189803921568629,90,135229
7,8.938276050554382,Boxing-v0,-100.0,52.0,-33.580392156862736,14,150293
7,8.98990632587009,Centipede-v0,155.0,18794.666666666668,2485.2894117647065,10,67043
8,9.05807919131385,Alien-v0,0.0,926.6666666666666,271.7757009345797,25,60112
8,9.102949296434721,Asteroids-v0,90.0,7653.333333333333,564.641744548286,5,81280
8,9.149445156256357,Atlantis-v0,1500.0,71000.0,5624.610591900314,35,92864
8,9.290752557847235,BankHeist-v0,0.0,193.33333333333334,11.012461059190036,55,70068
8,9.401983008186022,BattleZone-v0,0.0,46666.666666666664,3042.8348909657307,23,186830
8,9.602852105895678,Bowling-v0,0.0,131.33333333333334,11.370716510903426,90,135229
8,9.694925809370147,Boxing-v0,-100.0,52.0,-34.028816199376934,14,150293
8,9.751727872159746,Centipede-v0,156.0,18794.666666666668,2384.3076323987534,10,67043
9,9.817713687419891,Alien-v0,0.0,926.6666666666666,274.1488519398256,25,60112
9,9.858722519344754,Asteroids-v0,90.0,7653.333333333333,510.8788598574817,5,81280
9,9.907687894172138,Atlantis-v0,1500.0,71000.0,4863.737133808392,35,92864
9,10.046628306044473,BankHeist-v0,0.0,193.33333333333334,10.609659540775926,55,70068
9,10.1530422159036,BattleZone-v0,0.0,46666.666666666664,3450.514647664291,23,186830
9,10.344769936402638,Bowling-v0,0.0,131.33333333333334,12.794932699920817,90,135229
9,10.44265993575255,Boxing-v0,-100.0,52.0,-34.86539984164686,14,150293
9,10.49767461558183,Centipede-v0,156.0,18794.666666666668,2558.8440221694386,10,67043
10,10.569040934178565,Alien-v0,0.0,926.6666666666666,277.36211031175066,25,60112
10,10.613187228242555,Asteroids-v0,90.0,7653.333333333333,589.3445243804947,5,81280
10,10.658117386102676,Atlantis-v0,1500.0,71000.0,5073.221422861709,35,92864
10,10.791311342914899,BankHeist-v0,0.0,193.33333333333334,8.649080735411674,55,70068
10,10.892263587050968,BattleZone-v0,0.0,46666.666666666664,3121.5027977617915,23,186830
10,11.092876717580689,Bowling-v0,0.0,131.33333333333334,11.483613109512389,90,135229
10,11.18840484533045,Boxing-v0,-100.0,52.0,-35.94484412470027,14,150293
10,11.244393759104941,Centipede-v0,156.0,18794.666666666668,2332.9312549960027,10,67043
11,11.309333796898525,Alien-v0,0.0,926.6666666666666,268.1516587677726,25,60112
11,11.354374145070711,Asteroids-v0,90.0,7653.333333333333,546.7772511848337,5,81280
11,11.391130035320918,Atlantis-v0,1500.0,71000.0,5201.105845181673,35,92864
11,11.507993942830298,BankHeist-v0,0.0,193.33333333333334,8.12006319115324,55,70068
11,11.616054042776426,BattleZone-v0,0.0,46666.666666666664,3624.0126382306444,23,186830
11,11.815408302545547,Bowling-v0,0.0,131.33333333333334,11.26698262243286,90,135229
11,11.914908154010773,Boxing-v0,-100.0,52.0,-32.88625592417062,14,150293
11,11.972505247129334,Centipede-v0,156.0,18794.666666666668,2693.9810426540266,10,67043
12,12.038445994456609,Alien-v0,0.0,926.6666666666666,274.17260490894694,25,60112
12,12.081119872464074,Asteroids-v0,90.0,7653.333333333333,527.4584323040376,5,81280
12,12.12439460059007,Atlantis-v0,1500.0,71000.0,4877.276326207443,35,92864
12,12.254009117616548,BankHeist-v0,0.0,193.33333333333334,9.224069675376093,55,70068
12,12.34387193236086,BattleZone-v0,0.0,46666.666666666664,3790.9738717339633,23,186830
12,12.538116721577115,Bowling-v0,0.0,131.33333333333334,12.32620744259699,90,135229
12,12.633022410538462,Boxing-v0,-100.0,52.0,-33.661124307205114,14,150293
12,12.688893662757344,Centipede-v0,156.0,18794.666666666668,2661.488519398256,10,67043
13,12.754062871403164,Alien-v0,0.0,926.6666666666666,271.5137254901958,25,60112
13,12.798920252058242,Asteroids-v0,90.0,7653.333333333333,524.0078431372548,5,81280
13,12.837431645724509,Atlantis-v0,1500.0,71000.0,5629.568627450979,35,92864
13,12.960837309559187,BankHeist-v0,0.0,193.33333333333334,10.117647058823534,55,70068
13,13.058194128606054,BattleZone-v0,0.0,46666.666666666664,3193.725490196078,23,186830
13,13.257716813882192,Bowling-v0,0.0,131.33333333333334,13.905882352941175,90,135229
13,13.361402553253704,Boxing-v0,-100.0,52.0,-33.96235294117647,14,150293
13,13.420196514924367,Centipede-v0,156.0,18794.666666666668,2467.6266666666675,10,67043
14,13.487095351947678,Alien-v0,0.0,926.6666666666666,267.3555027711798,25,60112
14,13.530039175152778,Asteroids-v0,90.0,7653.333333333333,538.4798099762472,5,81280
14,13.574331151313253,Atlantis-v0,1500.0,71000.0,4917.260490894694,35,92864
14,13.697350596984228,BankHeist-v0,0.0,193.33333333333334,8.368962787015041,55,70068
14,13.806097944776218,BattleZone-v0,0.0,46666.666666666664,3427.5534441805203,23,186830
14,14.001018417742518,Bowling-v0,0.0,131.33333333333334,11.762470308788597,90,135229
14,14.094227662152715,Boxing-v0,-100.0,52.0,-33.86698337292162,14,150293
14,14.149727896783087,Centipede-v0,158.33333333333334,18794.666666666668,2613.7529691211407,10,67043
15,14.212487750384543,Alien-v0,0.0,926.6666666666666,261.5179968701095,25,60112
15,14.258940573202239,Asteroids-v0,100.0,7653.333333333333,552.2926447574334,5,81280
15,14.301862239572737,Atlantis-v0,1500.0,71000.0,5041.079812206572,35,92864
15,14.436972111331093,BankHeist-v0,0.0,193.33333333333334,10.93114241001565,55,70068
15,14.530241009394327,BattleZone-v0,0.0,46666.666666666664,3241.001564945226,23,186830
15,14.74118195341693,Bowling-v0,0.0,131.33333333333334,11.093896713615024,90,135229
15,14.841028668880462,Boxing-v0,-100.0,52.0,-33.27621283255087,14,150293
15,14.899623914361,Centipede-v0,156.0,18794.666666666668,2542.606416275429,10,67043
16,14.969799665808678,Alien-v0,0.0,926.6666666666666,273.7819025522042,25,60112
16,15.015699739058812,Asteroids-v0,90.0,7653.333333333333,521.7324052590865,5,81280
16,15.063692224820455,Atlantis-v0,1500.0,71000.0,5251.662799690642,35,92864
16,15.20208248231146,BankHeist-v0,0.0,193.33333333333334,8.15158546017015,55,70068
16,15.308978552752071,BattleZone-v0,0.0,46666.666666666664,3405.259087393654,23,186830
16,15.516860310832659,Bowling-v0,0.0,131.33333333333334,12.160092807424594,90,135229
16,15.621219221088621,Boxing-v0,-100.0,52.0,-33.92498066511986,14,150293
16,15.67522806988822,Centipede-v0,156.0,18794.666666666668,2399.9141531322516,10,67043
17,15.740443181461758,Alien-v0,0.0,926.6666666666666,269.4757433489828,25,60112
17,15.78365418308311,Asteroids-v0,90.0,7653.333333333333,534.3192488262908,5,81280
17,15.825648010638025,Atlantis-v0,1500.0,71000.0,5216.666666666667,35,92864
17,15.96911170164744,BankHeist-v0,0.0,193.33333333333334,8.607198748043821,55,70068
17,16.063335430953238,BattleZone-v0,0.0,46666.666666666664,3537.558685446007,23,186830
17,16.26407744579845,Bowling-v0,0.0,131.33333333333334,12.727699530516432,90,135229
17,16.361204687621857,Boxing-v0,-100.0,52.0,-32.11424100156494,14,150293
17,16.419233746992216,Centipede-v0,156.0,18794.666666666668,2636.964788732396,10,67043
18,16.488105797370274,Alien-v0,0.0,926.6666666666666,260.3253968253968,25,60112
18,16.532816447085803,Asteroids-v0,100.0,7653.333333333333,513.6587301587301,5,81280
18,16.575059291654163,Atlantis-v0,1500.0,71000.0,5365.317460317458,35,92864
18,16.706648884680536,BankHeist-v0,0.0,193.33333333333334,10.357142857142858,55,70068
18,16.812958334883053,BattleZone-v0,0.0,46666.666666666664,3581.7460317460313,23,186830
18,17.016492059959305,Bowling-v0,0.0,131.33333333333334,11.923809523809526,90,135229
18,17.116248450875283,Boxing-v0,-100.0,52.0,-35.204761904761924,14,150293
18,17.167222727537155,Centipede-v0,156.0,18794.666666666668,2423.575396825396,10,67043
19,17.237138478755952,Alien-v0,0.0,926.6666666666666,271.4763014763014,25,60112
19,17.27858251326614,Asteroids-v0,100.0,7653.333333333333,557.0551670551669,5,81280
19,17.321795957684518,Atlantis-v0,1500.0,71000.0,4406.216006216007,35,92864
19,17.44187840839227,BankHeist-v0,0.0,193.33333333333334,10.26418026418027,55,70068
19,17.554266769422426,BattleZone-v0,0.0,46666.666666666664,3435.1204351204346,23,186830
19,17.763840866817368,Bowling-v0,0.0,131.33333333333334,12.400155400155398,90,135229
19,17.857374650703537,Boxing-v0,-100.0,52.0,-33.292152292152274,14,150293
19,17.91180251121521,Centipede-v0,156.0,18794.666666666668,2422.998445998447,10,67043
20,17.981868438919385,Alien-v0,0.0,926.6666666666666,270.25579536370884,25,60112
20,18.021234238015282,Asteroids-v0,90.0,7653.333333333333,546.9544364508394,5,81280
20,18.06396720773644,Atlantis-v0,1500.0,71000.0,4650.279776179055,35,92864
20,18.193746710949473,BankHeist-v0,0.0,193.33333333333334,11.35091926458833,55,70068
20,18.289782725108996,BattleZone-v0,0.0,46666.666666666664,3471.622701838529,23,186830
20,18.49859854168362,Bowling-v0,0.0,131.33333333333334,11.604316546762588,90,135229
20,18.600063646766873,Boxing-v0,-100.0,52.0,-33.41167066346922,14,150293
20,18.65412464082241,Centipede-v0,156.0,18794.666666666668,2657.5323741007187,10,67043
21,18.72042339026928,Alien-v0,0.0,926.6666666666666,268.984126984127,25,60112
21,18.76233240544796,Asteroids-v0,90.0,7653.333333333333,593.6984126984128,5,81280
21,18.805336273709933,Atlantis-v0,1500.0,71000.0,5890.793650793651,35,92864
21,18.93041310303741,BankHeist-v0,0.0,193.33333333333334,8.357142857142858,55,70068
21,19.040073389146063,BattleZone-v0,0.0,46666.666666666664,3399.2063492063467,23,186830
21,19.247457273403803,Bowling-v0,0.0,131.33333333333334,10.56031746031746,90,135229
21,19.338023013472558,Boxing-v0,-100.0,52.0,-33.298412698412704,14,150293
21,19.397643891506725,Centipede-v0,156.0,18794.666666666668,2617.3880952380973,10,67043
22,19.466198891136383,Alien-v0,0.0,926.6666666666666,258.1031746031747,25,60112
22,19.516417890323535,Asteroids-v0,100.0,7653.333333333333,543.2460317460311,5,81280
22,19.561477761401072,Atlantis-v0,1500.0,71000.0,5460.476190476191,35,92864
22,19.681721358365483,BankHeist-v0,0.0,193.33333333333334,8.976190476190478,55,70068
22,19.781264317101904,BattleZone-v0,0.0,46666.666666666664,3711.1111111111118,23,186830
22,19.980336112181345,Bowling-v0,0.0,131.33333333333334,14.359523809523811,90,135229
22,20.08187056965298,Boxing-v0,-100.0,52.0,-35.42380952380951,14,150293
22,20.137786503500408,Centipede-v0,156.0,18794.666666666668,2541.737301587302,10,67043
23,20.210062853031687,Alien-v0,0.0,926.6666666666666,259.5891472868217,25,60112
23,20.249871896306672,Asteroids-v0,100.0,7653.333333333333,521.286821705426,5,81280
23,20.294852898054653,Atlantis-v0,1500.0,71000.0,5261.317829457364,35,92864
23,20.432491962777245,BankHeist-v0,0.0,193.33333333333334,9.542635658914737,55,70068
23,20.53304553065035,BattleZone-v0,0.0,46666.666666666664,3355.0387596899204,23,186830
23,20.725858788490296,Bowling-v0,0.0,131.33333333333334,14.76821705426357,90,135229
23,20.819849833514954,Boxing-v0,-100.0,52.0,-31.959689922480607,14,150293
23,20.878843003114063,Centipede-v0,156.0,18794.666666666668,2819.3271317829476,10,67043
24,20.941783349381552,Alien-v0,0.0,926.6666666666666,265.3395061728396,25,60112
24,20.989537258545557,Asteroids-v0,100.0,7653.333333333333,572.9783950617281,5,81280
24,21.03153385023276,Atlantis-v0,1500.0,71000.0,5022.29938271605,35,92864
24,21.151906342042817,BankHeist-v0,0.0,193.33333333333334,10.37808641975309,55,70068
24,21.223756810161802,BattleZone-v0,0.0,46666.666666666664,3033.1790123456767,23,186830
24,21.41473689549499,Bowling-v0,0.0,131.33333333333334,13.011574074074074,90,135229
24,21.50067970507675,Boxing-v0,-100.0,52.0,-32.149691358024675,14,150293
24,21.551719614134896,Centipede-v0,153.33333333333334,18794.666666666668,2428.488425925926,10,67043
25,21.615837283730507,Alien-v0,0.0,926.6666666666666,265.0315955766193,25,60112
25,21.649354673557813,Asteroids-v0,80.0,7653.333333333333,557.251184834123,5,81280
25,21.693151643872262,Atlantis-v0,1500.0,71000.0,5377.014218009479,35,92864
25,21.802104253371557,BankHeist-v0,0.0,193.33333333333334,9.984202211690365,55,70068
25,21.895874165230328,BattleZone-v0,0.0,46666.666666666664,3561.611374407579,23,186830
25,22.062006072402,Bowling-v0,0.0,131.33333333333334,15.191943127962091,90,135229
25,22.142654317948555,Boxing-v0,-100.0,52.0,-33.290679304897324,14,150293
25,22.18629975193077,Centipede-v0,156.0,18794.666666666668,2540.9439178515013,10,67043
26,22.247957477039762,Alien-v0,0.0,926.6666666666666,255.2403100775195,25,60112
26,22.28076584511333,Asteroids-v0,100.0,7653.333333333333,607.1472868217048,5,81280
26,22.321070937977897,Atlantis-v0,1500.0,71000.0,5651.472868217054,35,92864
26,22.43577728311221,BankHeist-v0,0.0,193.33333333333334,13.395348837209303,55,70068
26,22.528782525791062,BattleZone-v0,0.0,46666.666666666664,3424.8062015503856,23,186830
26,22.6850416914622,Bowling-v0,0.0,131.33333333333334,14.647286821705432,90,135229
26,22.762892546719975,Boxing-v0,-100.0,52.0,-32.26976744186046,14,150293
26,22.81394263996018,Centipede-v0,141.0,18794.666666666668,2415.1201550387605,10,67043
27,22.87589240094026,Alien-v0,0.0,926.6666666666666,261.988993710692,25,60112
27,22.91938669754399,Asteroids-v0,100.0,7653.333333333333,604.1902515723264,5,81280
27,22.958905600044464,Atlantis-v0,1500.0,71000.0,4377.515723270442,35,92864
27,23.06755384557777,BankHeist-v0,0.0,193.33333333333334,9.551886792452834,55,70068
27,23.154548497133785,BattleZone-v0,0.0,46666.666666666664,3233.4905660377362,23,186830
27,23.31837376958794,Bowling-v0,0.0,131.33333333333334,14.967767295597486,90,135229
27,23.399260109994145,Boxing-v0,-100.0,52.0,-34.234276729559745,14,150293
27,23.454717517495155,Centipede-v0,156.0,18794.666666666668,2459.5896226415084,10,67043
28,23.51378803782993,Alien-v0,0.0,926.6666666666666,254.50076804915525,25,60112
28,23.556223185724683,Asteroids-v0,100.0,7653.333333333333,546.1827956989245,5,81280
28,23.59393603887823,Atlantis-v0,1500.0,71000.0,5171.044546850999,35,92864
28,23.7171451860004,BankHeist-v0,0.0,193.33333333333334,10.43778801843318,55,70068
28,23.80659335606628,BattleZone-v0,0.0,46666.666666666664,3480.0307219662036,23,186830
28,23.974866991639136,Bowling-v0,0.0,131.33333333333334,14.921658986175109,90,135229
28,24.06190833436118,Boxing-v0,-100.0,52.0,-33.685867895545314,14,150293
28,24.11413041452567,Centipede-v0,156.0,18794.666666666668,2469.5691244239624,10,67043
29,24.170001742839812,Alien-v0,0.0,926.6666666666666,263.6986301369864,25,60112
29,24.207930175065993,Asteroids-v0,100.0,7653.333333333333,553.2267884322677,5,81280
29,24.243405856821273,Atlantis-v0,1500.0,71000.0,5725.95129375951,35,92864
29,24.349459233350224,BankHeist-v0,0.0,193.33333333333334,9.490106544901064,55,70068
29,24.44213145116965,BattleZone-v0,0.0,46666.666666666664,3748.0974124809736,23,186830
29,24.604289969073402,Bowling-v0,0.0,131.33333333333334,16.06697108066971,90,135229
29,24.688711487982008,Boxing-v0,-100.0,52.0,-32.33333333333334,14,150293
29,24.738886284761957,Centipede-v0,156.0,18794.666666666668,2512.6149162861484,10,67043
30,24.79039598762989,Alien-v0,0.0,926.6666666666666,246.522435897436,25,60112
30,24.829356099830733,Asteroids-v0,100.0,7653.333333333333,561.8108974358972,5,81280
30,24.869719126754337,Atlantis-v0,1500.0,71000.0,5590.464743589748,35,92864
30,24.978637843529384,BankHeist-v0,0.0,193.33333333333334,12.163461538461538,55,70068
30,25.0677925754918,BattleZone-v0,0.0,46666.666666666664,3597.7564102564106,23,186830
30,25.22478723598851,Bowling-v0,0.0,131.33333333333334,14.130608974358978,90,135229
30,25.30015538573265,Boxing-v0,-100.0,52.0,-32.10496794871793,14,150293
30,25.349133451183636,Centipede-v0,156.0,18794.666666666668,2726.5192307692323,10,67043
31,25.40720783379343,Alien-v0,0.0,926.6666666666666,239.73143759873625,25,60112
31,25.446997201773854,Asteroids-v0,90.0,7653.333333333333,585.44233807267,5,81280
31,25.48128322482109,Atlantis-v0,1500.0,71000.0,6304.186413902053,35,92864
31,25.59543525007036,BankHeist-v0,0.0,193.33333333333334,11.21642969984202,55,70068
31,25.691489095224274,BattleZone-v0,0.0,46666.666666666664,3891.7851500789875,23,186830
31,25.851275370253457,Bowling-v0,0.0,131.33333333333334,15.537124802527645,90,135229
31,25.93260948220889,Boxing-v0,-100.0,52.0,-32.951816745655606,14,150293
31,25.973301940891478,Centipede-v0,156.0,18794.666666666668,2680.3688783570287,10,67043
32,26.0314640364382,Alien-v0,0.0,926.6666666666666,247.87589498806685,25,60112
32,26.06543765346209,Asteroids-v0,100.0,7653.333333333333,566.4836913285601,5,81280
32,26.108335978984833,Atlantis-v0,1500.0,71000.0,6046.539379474939,35,92864
32,26.21968531019158,BankHeist-v0,0.0,193.33333333333334,10.381861575179002,55,70068
32,26.31247294684251,BattleZone-v0,0.0,46666.666666666664,3423.2299124900587,23,186830
32,26.474823763635424,Bowling-v0,0.0,131.33333333333334,13.74542561654733,90,135229
32,26.557540898985334,Boxing-v0,-100.0,52.0,-32.89737470167063,14,150293
32,26.606936086416244,Centipede-v0,156.0,18794.666666666668,2514.3540175019875,10,67043
33,26.66826297250059,Alien-v0,0.0,926.6666666666666,246.6510538641685,25,60112
33,26.70376902785566,Asteroids-v0,100.0,7653.333333333333,572.2326307572206,5,81280
33,26.740973438951706,Atlantis-v0,1500.0,71000.0,5152.537080405934,35,92864
33,26.840161024398274,BankHeist-v0,0.0,193.33333333333334,12.232630757220926,55,70068
33,26.927119201223057,BattleZone-v0,0.0,46666.666666666664,3871.1943793910996,23,186830
33,27.09985062393877,Bowling-v0,0.0,131.33333333333334,13.383294301327089,90,135229
33,27.1851096735398,Boxing-v0,-100.0,52.0,-30.729898516783777,14,150293
33,27.240594680044385,Centipede-v0,156.0,18794.666666666668,2814.1912568306025,10,67043
34,27.29676753560702,Alien-v0,0.0,926.6666666666666,237.45843230403804,25,60112
34,27.340382685595088,Asteroids-v0,100.0,7653.333333333333,538.0443388756925,5,81280
34,27.37442729598946,Atlantis-v0,1500.0,71000.0,5182.58115597783,35,92864
34,27.49359012325605,BankHeist-v0,0.0,193.33333333333334,14.045922406967541,55,70068
34,27.583966621226736,BattleZone-v0,0.0,46666.666666666664,3553.444180522568,23,186830
34,27.757341310315663,Bowling-v0,0.0,131.33333333333334,15.637371338083927,90,135229
34,27.84199379305045,Boxing-v0,-100.0,52.0,-34.85193982581157,14,150293
34,27.894846725265186,Centipede-v0,156.0,18794.666666666668,2544.1615201900236,10,67043
35,27.952208551102213,Alien-v0,0.0,926.6666666666666,240.3966437833716,25,60112
35,27.998790665136443,Asteroids-v0,100.0,7653.333333333333,518.0396643783366,5,81280
35,28.03772300362587,Atlantis-v0,1500.0,71000.0,5610.983981693364,35,92864
35,28.149342909852663,BankHeist-v0,0.0,193.33333333333334,12.494279176201378,55,70068
35,28.24127399696244,BattleZone-v0,0.0,46666.666666666664,3694.8893974065586,23,186830
35,28.411828805009524,Bowling-v0,0.0,131.33333333333334,14.598779557589626,90,135229
35,28.49844343430466,Boxing-v0,-100.0,52.0,-34.610983981693344,14,150293
35,28.54091750515832,Centipede-v0,156.0,18794.666666666668,2763.0152555301265,10,67043
36,28.60476621846358,Alien-v0,0.0,926.6666666666666,242.51937984496124,25,60112
36,28.6415821076764,Asteroids-v0,100.0,7653.333333333333,522.7286821705428,5,81280
36,28.687937602533236,Atlantis-v0,1500.0,71000.0,5956.899224806201,35,92864
36,28.79758598519696,BankHeist-v0,0.0,193.33333333333334,11.147286821705423,55,70068
36,28.90146560450395,BattleZone-v0,0.0,46666.666666666664,3680.6201550387627,23,186830
36,29.06830727338791,Bowling-v0,0.0,131.33333333333334,14.94418604651163,90,135229
36,29.15183955543571,Boxing-v0,-100.0,52.0,-30.69534883720932,14,150293
36,29.20075333893299,Centipede-v0,153.66666666666666,18794.666666666668,2593.154263565891,10,67043
37,29.267868262728054,Alien-v0,0.0,926.6666666666666,234.49576597382594,25,60112
37,29.305176210535897,Asteroids-v0,90.0,7653.333333333333,650.1308698999228,5,81280
37,29.350220422413614,Atlantis-v0,1500.0,71000.0,5789.299461123944,35,92864
37,29.461206178334024,BankHeist-v0,0.0,193.33333333333334,11.339491916859123,55,70068
37,29.557710726327365,BattleZone-v0,0.0,46666.666666666664,3916.089299461121,23,186830
37,29.720416279170248,Bowling-v0,0.0,131.33333333333334,16.28791377983064,90,135229
37,29.80363263381852,Boxing-v0,-100.0,52.0,-30.767513471901456,14,150293
37,29.852169405023258,Centipede-v0,153.33333333333334,18794.666666666668,2481.006928406466,10,67043
38,29.91309173292584,Alien-v0,0.0,926.6666666666666,229.63223787167448,25,60112
38,29.946352919075224,Asteroids-v0,100.0,7653.333333333333,541.2206572769949,5,81280
38,29.98876383350955,Atlantis-v0,1500.0,71000.0,6238.732394366197,35,92864
38,30.102696980635326,BankHeist-v0,0.0,193.33333333333334,9.702660406885759,55,70068
38,30.202660074234007,BattleZone-v0,0.0,46666.666666666664,4294.992175273865,23,186830
38,30.35596877005365,Bowling-v0,0.0,131.33333333333334,16.99608763693271,90,135229
38,30.437309431499905,Boxing-v0,-100.0,52.0,-31.01251956181536,14,150293
38,30.484821748137474,Centipede-v0,156.0,18794.666666666668,2725.3372456963993,10,67043
39,30.542195595436628,Alien-v0,0.0,926.6666666666666,225.49844236760126,25,60112
39,30.58127376874288,Asteroids-v0,100.0,7653.333333333333,535.4672897196263,5,81280
39,30.614478712744184,Atlantis-v0,1500.0,71000.0,5550.7009345794395,35,92864
39,30.725689370499715,BankHeist-v0,0.0,193.33333333333334,10.560747663551401,55,70068
39,30.823911369045575,BattleZone-v0,0.0,46666.666666666664,4007.009345794393,23,186830
39,30.981779058509403,Bowling-v0,0.0,131.33333333333334,16.63473520249221,90,135229
39,31.06636842661434,Boxing-v0,-100.0,52.0,-30.82710280373832,14,150293
39,31.10588140659862,Centipede-v0,141.0,18794.666666666668,2545.78582554517,10,67043
40,31.16342204603884,Alien-v0,0.0,926.6666666666666,220.38186157517904,25,60112
40,31.199418230983945,Asteroids-v0,100.0,7653.333333333333,579.8886237072397,5,81280
40,31.239804634716776,Atlantis-v0,1500.0,71000.0,6459.904534606207,35,92864
40,31.334357424378396,BankHeist-v0,0.0,193.33333333333334,13.198090692124108,55,70068
40,31.41461227244801,BattleZone-v0,0.0,46666.666666666664,3852.028639618137,23,186830
40,31.572027270992596,Bowling-v0,0.0,131.33333333333334,16.012728719172635,90,135229
40,31.656694055398304,Boxing-v0,-100.0,52.0,-32.20365950676212,14,150293
40,31.70717401034302,Centipede-v0,156.0,18794.666666666668,2726.8854415274445,10,67043
41,31.765304304295118,Alien-v0,0.0,926.6666666666666,206.58841940532065,25,60112
41,31.80976345393393,Asteroids-v0,90.0,7653.333333333333,559.9843505477309,5,81280
41,31.842877778609594,Atlantis-v0,1500.0,71000.0,6182.863849765258,35,92864
41,31.953507553670143,BankHeist-v0,0.0,193.33333333333334,11.34585289514868,55,70068
41,32.04844408320056,BattleZone-v0,0.0,46666.666666666664,3471.830985915493,23,186830
41,32.215106929010815,Bowling-v0,0.0,131.33333333333334,16.999217527386545,90,135229
41,32.29805503023995,Boxing-v0,-100.0,52.0,-31.294209702660417,14,150293
41,32.3570768621895,Centipede-v0,156.0,18794.666666666668,2703.072769953054,10,67043
42,32.41365985678302,Alien-v0,0.0,926.6666666666666,210.89655172413808,25,60112
42,32.453500975701544,Asteroids-v0,100.0,7653.333333333333,631.785440613027,5,81280
42,32.487437431083784,Atlantis-v0,1500.0,71000.0,6324.904214559388,35,92864
42,32.59373604602284,BankHeist-v0,0.0,193.33333333333334,12.413793103448283,55,70068
42,32.68014187554518,BattleZone-v0,0.0,46666.666666666664,3942.5287356321833,23,186830
42,32.84117641422483,Bowling-v0,0.0,131.33333333333334,17.519540229885063,90,135229
42,32.9198726258013,Boxing-v0,-100.0,52.0,-32.957854406130295,14,150293
42,32.962817327049045,Centipede-v0,156.0,18794.666666666668,2725.1578544061304,10,67043
43,33.02771128647857,Alien-v0,0.0,926.6666666666666,201.7720530835285,25,60112
43,33.068684584299724,Asteroids-v0,100.0,7653.333333333333,610.2966432474633,5,81280
43,33.11601280993885,Atlantis-v0,1500.0,71000.0,7139.3442622950815,35,92864
43,33.22406233257718,BankHeist-v0,0.0,193.33333333333334,11.826697892271666,55,70068
43,33.31221915655666,BattleZone-v0,0.0,46666.666666666664,3875.097580015612,23,186830
43,33.463431588610014,Bowling-v0,0.0,131.33333333333334,19.774395003903205,90,135229
43,33.543186851210066,Boxing-v0,-100.0,52.0,-29.684621389539398,14,150293
43,33.592344079083865,Centipede-v0,156.0,18794.666666666668,2589.5932864949277,10,67043
44,33.651991583307584,Alien-v0,0.0,926.6666666666666,197.5078616352201,25,60112
44,33.68948533183998,Asteroids-v0,100.0,7653.333333333333,583.7421383647797,5,81280
44,33.72961066848702,Atlantis-v0,1500.0,71000.0,6905.345911949689,35,92864
44,33.83244410170449,BankHeist-v0,0.0,193.33333333333334,13.97798742138365,55,70068
44,33.923321391211616,BattleZone-v0,0.0,46666.666666666664,3878.9308176100653,23,186830
44,34.06323862519529,Bowling-v0,0.0,131.33333333333334,20.89544025157232,90,135229
44,34.130693215992714,Boxing-v0,-100.0,52.0,-27.966981132075485,14,150293
44,34.17211799489127,Centipede-v0,156.0,18794.666666666668,2703.017295597486,10,67043
45,34.21977293643687,Alien-v0,0.0,926.6666666666666,178.56690419635797,25,60112
45,34.25089048147201,Asteroids-v0,80.0,7653.333333333333,584.2121931908152,5,81280
45,34.282614686687786,Atlantis-v0,1500.0,71000.0,7752.969121140146,35,92864
45,34.360875959793724,BankHeist-v0,0.0,193.33333333333334,15.930324623911321,55,70068
45,34.43972402287854,BattleZone-v0,0.0,46666.666666666664,3910.5304829770384,23,186830
45,34.55342753317621,Bowling-v0,0.0,131.33333333333334,24.97466349960412,90,135229
45,34.62057963205709,Boxing-v0,-100.0,52.0,-29.068091844813946,14,150293
45,34.65827057917913,Centipede-v0,156.0,18794.666666666668,2769.2850356294557,10,67043
46,34.706217851373886,Alien-v0,0.0,926.6666666666666,164.73015873015888,25,60112
46,34.73918624566661,Asteroids-v0,100.0,7653.333333333333,626.8968253968252,5,81280
46,34.772397976848815,Atlantis-v0,1500.0,71000.0,7866.587301587308,35,92864
46,34.85634682767921,BankHeist-v0,0.0,193.33333333333334,13.849206349206346,55,70068
46,34.92609107957946,BattleZone-v0,0.0,46666.666666666664,4176.190476190472,23,186830
46,35.046182546814286,Bowling-v0,0.0,131.33333333333334,20.778571428571432,90,135229
46,35.11093754635917,Boxing-v0,-100.0,52.0,-30.05079365079368,14,150293
46,35.148005760709445,Centipede-v0,156.0,18794.666666666668,2766.5015873015905,10,67043
47,35.196586015290684,Alien-v0,0.0,926.6666666666666,164.90937746256895,25,60112
47,35.22905242151684,Asteroids-v0,90.0,7653.333333333333,620.96926713948,5,81280
47,35.265138660139506,Atlantis-v0,1500.0,71000.0,7782.111899133175,35,92864
47,35.349759522742694,BankHeist-v0,0.0,193.33333333333334,14.58628841607565,55,70068
47,35.42800548626317,BattleZone-v0,0.0,46666.666666666664,4470.449172576833,23,186830
47,35.55335254530112,Bowling-v0,0.0,131.33333333333334,23.682427107959025,90,135229
47,35.619306741621756,Boxing-v0,-100.0,52.0,-29.63987391646965,14,150293
47,35.65505325151814,Centipede-v0,156.0,18794.666666666668,2841.923561859735,10,67043
48,35.7029687570201,Alien-v0,0.0,926.6666666666666,170.84309133489464,25,60112
48,35.73594483508004,Asteroids-v0,90.0,7653.333333333333,629.6643247462924,5,81280
48,35.76881427327792,Atlantis-v0,1500.0,71000.0,7722.248243559726,35,92864
48,35.842292241719036,BankHeist-v0,0.0,193.33333333333334,13.942232630757225,55,70068
48,35.909414027531945,BattleZone-v0,0.0,46666.666666666664,4078.844652615147,23,186830
48,36.03332935333252,Bowling-v0,0.0,131.33333333333334,23.295862607338016,90,135229
48,36.101557189888425,Boxing-v0,-100.0,52.0,-27.480874316939893,14,150293
48,36.14399821917216,Centipede-v0,156.0,18794.666666666668,2985.064012490242,10,67043
49,36.19355057431592,Alien-v0,0.0,926.6666666666666,160.3500397772474,25,60112
49,36.22769366582235,Asteroids-v0,90.0,7653.333333333333,572.4741447891804,5,81280
49,36.26127106514242,Atlantis-v0,1500.0,71000.0,8784.168655529036,35,92864
49,36.33388042430083,BankHeist-v0,0.0,193.33333333333334,14.30389817024662,55,70068
49,36.41281920154889,BattleZone-v0,0.0,46666.666666666664,4632.4582338902155,23,186830
49,36.53636692841848,Bowling-v0,0.0,131.33333333333334,22.328560063643593,90,135229
49,36.602341751058894,Boxing-v0,-100.0,52.0,-30.113762927605425,14,150293
49,36.64168324887753,Centipede-v0,156.0,18794.666666666668,3261.090692124107,10,67043
50,36.819253143270814,Alien-v0,0.0,926.6666666666666,171.01314771848416,25,60112
50,36.85297129200565,Asteroids-v0,90.0,7653.333333333333,584.6713070378962,5,81280
50,36.888252516190214,Atlantis-v0,1500.0,71000.0,8338.437741685999,35,92864
50,36.97033669584327,BankHeist-v0,0.0,193.33333333333334,11.00541376643465,55,70068
50,37.04233552104897,BattleZone-v0,0.0,46666.666666666664,4644.238205723123,23,186830
50,37.16414617743757,Bowling-v0,0.0,131.33333333333334,22.934261407579285,90,135229
50,37.23259064230654,Boxing-v0,-100.0,52.0,-28.466357308584683,14,150293
50,37.271228776574134,Centipede-v0,155.66666666666666,18794.666666666668,2880.5429234338762,10,67043
51,37.32322808815373,Alien-v0,0.0,926.6666666666666,171.3629283489097,25,60112
51,37.3604630446434,Asteroids-v0,100.0,7653.333333333333,647.0249221183802,5,81280
51,37.397637631098426,Atlantis-v0,1500.0,71000.0,8702.725856697825,35,92864
51,37.48044802500142,BankHeist-v0,0.0,193.33333333333334,16.838006230529597,55,70068
51,37.55404371354315,BattleZone-v0,0.0,46666.666666666664,4566.199376947039,23,186830
51,37.67962099578646,Bowling-v0,0.0,131.33333333333334,21.359813084112155,90,135229
51,37.74941883557373,Boxing-v0,-100.0,52.0,-32.71728971962617,14,150293
51,37.7894183665514,Centipede-v0,156.0,18794.666666666668,2719.4719626168235,10,67043
52,37.83970952822102,Alien-v0,0.0,926.6666666666666,172.46478873239434,25,60112
52,37.87673453489939,Asteroids-v0,90.0,7653.333333333333,644.7496087636931,5,81280
52,37.91247418291039,Atlantis-v0,1500.0,71000.0,8854.851330203446,35,92864
52,37.99543175306585,BankHeist-v0,0.0,193.33333333333334,13.912363067292645,55,70068
52,38.069201775259444,BattleZone-v0,0.0,46666.666666666664,4025.8215962441277,23,186830
52,38.19131080541346,Bowling-v0,0.0,131.33333333333334,21.74726134585289,90,135229
52,38.2605877049764,Boxing-v0,-100.0,52.0,-31.899843505477286,14,150293
52,38.30384888576137,Centipede-v0,156.0,18794.666666666668,2859.385758998435,10,67043
53,38.35631059394942,Alien-v0,0.0,926.6666666666666,169.90697674418604,25,60112
53,38.39392891267936,Asteroids-v0,90.0,7653.333333333333,709.0000000000005,5,81280
53,38.43308383054203,Atlantis-v0,1500.0,71000.0,9928.4496124031,35,92864
53,38.51208155386978,BankHeist-v0,0.0,193.33333333333334,13.031007751937981,55,70068
53,38.58533092578252,BattleZone-v0,0.0,46666.666666666664,4305.42635658915,23,186830
53,38.7101111965047,Bowling-v0,0.0,131.33333333333334,23.372093023255815,90,135229
53,38.7796937959724,Boxing-v0,-100.0,52.0,-30.57751937984497,14,150293
53,38.82096281515227,Centipede-v0,156.0,18794.666666666668,2587.592248062016,10,67043
54,38.86952470236354,Alien-v0,0.0,926.6666666666666,162.77383766745464,25,60112
54,38.901553328633305,Asteroids-v0,90.0,7653.333333333333,676.6509062253742,5,81280
54,38.93585207687484,Atlantis-v0,1500.0,71000.0,10084.318360914107,35,92864
54,39.008223892913925,BankHeist-v0,0.0,193.33333333333334,15.713159968479122,55,70068
54,39.082911583516335,BattleZone-v0,0.0,46666.666666666664,4557.919621749406,23,186830
54,39.20388038171662,Bowling-v0,0.0,131.33333333333334,20.94089834515366,90,135229
54,39.27007361233235,Boxing-v0,-100.0,52.0,-28.289992119779356,14,150293
54,39.31010041687224,Centipede-v0,156.0,18794.666666666668,2859.806146572106,10,67043
55,39.36190610024664,Alien-v0,0.0,926.6666666666666,166.3014763014762,25,60112
55,39.397621655861535,Asteroids-v0,90.0,7653.333333333333,731.7482517482518,5,81280
55,39.43572813126776,Atlantis-v0,1500.0,71000.0,9634.809634809642,35,92864
55,39.520802226132815,BankHeist-v0,0.0,193.33333333333334,12.983682983682984,55,70068
55,39.592494665384294,BattleZone-v0,0.0,46666.666666666664,4132.867132867131,23,186830
55,39.72075835029284,Bowling-v0,0.0,131.33333333333334,23.162393162393165,90,135229
55,39.788379659785164,Boxing-v0,-100.0,52.0,-30.542346542346547,14,150293
55,39.82681843333774,Centipede-v0,156.0,18794.666666666668,2846.2696192696185,10,67043
56,39.877727049589154,Alien-v0,0.0,926.6666666666666,168.41981132075458,25,60112
56,39.91366526954704,Asteroids-v0,90.0,7653.333333333333,741.926100628932,5,81280
56,39.951401028765574,Atlantis-v0,1500.0,71000.0,10703.930817610066,35,92864
56,40.02162033220132,BankHeist-v0,0.0,193.33333333333334,14.984276729559745,55,70068
56,40.08651384433111,BattleZone-v0,0.0,46666.666666666664,4353.77358490566,23,186830
56,40.19315559175279,Bowling-v0,0.0,131.33333333333334,24.150157232704398,90,135229
56,40.264326557715734,Boxing-v0,-100.0,52.0,-29.72877358490564,14,150293
56,40.30626085254881,Centipede-v0,156.0,18794.666666666668,2936.912735849061,10,67043
57,40.35607608920998,Alien-v0,0.0,926.6666666666666,159.97624703087885,25,60112
57,40.39294184750981,Asteroids-v0,100.0,7653.333333333333,769.3507521773553,5,81280
57,40.42988597485754,Atlantis-v0,1500.0,71000.0,11586.777513855897,35,92864
57,40.50360813591215,BankHeist-v0,0.0,193.33333333333334,14.354711005542361,55,70068
57,40.58279755340682,BattleZone-v0,0.0,46666.666666666664,4570.863024544734,23,186830
57,40.70681018484963,Bowling-v0,0.0,131.33333333333334,21.8978622327791,90,135229
57,40.7739155210389,Boxing-v0,-100.0,52.0,-30.93349168646083,14,150293
57,40.81513638648722,Centipede-v0,156.0,18794.666666666668,2839.178939034047,10,67043
58,40.86778078628911,Alien-v0,0.0,926.6666666666666,172.50580046403712,25,60112
58,40.90573140323162,Asteroids-v0,100.0,7653.333333333333,807.6256767208047,5,81280
58,40.94494373910957,Atlantis-v0,1500.0,71000.0,11423.897911832955,35,92864
58,41.01123725579845,BankHeist-v0,0.0,193.33333333333334,14.911059551430771,55,70068
58,41.08044555895858,BattleZone-v0,0.0,46666.666666666664,4269.9149265274555,23,186830
58,41.19679762482643,Bowling-v0,0.0,131.33333333333334,24.22583139984533,90,135229
58,41.26515895121627,Boxing-v0,-100.0,52.0,-28.13611755607116,14,150293
58,41.30447400662634,Centipede-v0,156.0,18794.666666666668,2951.5730858468683,10,67043
59,41.358617149392764,Alien-v0,0.0,926.6666666666666,170.22428460943536,25,60112
59,41.39797140293651,Asteroids-v0,100.0,7653.333333333333,855.9087393658161,5,81280
59,41.43812704099549,Atlantis-v0,1500.0,71000.0,10966.898685228149,35,92864
59,41.511696640253064,BankHeist-v0,0.0,193.33333333333334,14.617169373549883,55,70068
59,41.58806835843457,BattleZone-v0,0.0,46666.666666666664,4491.10595514308,23,186830
59,41.70872992104954,Bowling-v0,0.0,131.33333333333334,24.69450889404486,90,135229
59,41.77627020921972,Boxing-v0,-100.0,52.0,-28.444702242846123,14,150293
59,41.81592897289329,Centipede-v0,161.66666666666666,18794.666666666668,2758.9922660479497,10,67043
60,41.865153795811864,Alien-v0,0.0,926.6666666666666,165.9259259259258,25,60112
60,41.90008651932081,Asteroids-v0,100.0,7653.333333333333,823.9795114263202,5,81280
60,41.93764465000894,Atlantis-v0,1500.0,71000.0,12499.527186761232,35,92864
60,42.00973805487156,BankHeist-v0,0.0,193.33333333333334,14.318360914105583,55,70068
60,42.08683841559622,BattleZone-v0,0.0,46666.666666666664,4537.431048069349,23,186830
60,42.198520343171225,Bowling-v0,0.0,131.33333333333334,25.89282899921199,90,135229
60,42.26756535212199,Boxing-v0,-100.0,52.0,-28.760441292356184,14,150293
60,42.307706955869996,Centipede-v0,156.0,18794.666666666668,2898.757289204097,10,67043
61,42.358756336900925,Alien-v0,0.0,926.6666666666666,172.25653206650824,25,60112
61,42.39542702270879,Asteroids-v0,100.0,7653.333333333333,910.5304829770396,5,81280
61,42.434419395128884,Atlantis-v0,1500.0,71000.0,13507.996832937446,35,92864
61,42.50023728681935,BankHeist-v0,0.0,193.33333333333334,13.230403800475052,55,70068
61,42.57202930019962,BattleZone-v0,0.0,46666.666666666664,4747.426761678542,23,186830
61,42.69426826973756,Bowling-v0,0.0,131.33333333333334,24.157561361836894,90,135229
61,42.76197519090441,Boxing-v0,-100.0,52.0,-29.94061757719715,14,150293
61,42.80335893366072,Centipede-v0,156.0,18794.666666666668,2931.935866983372,10,67043
62,42.852905664377744,Alien-v0,0.0,926.6666666666666,172.38546603475504,25,60112
62,42.8868745191892,Asteroids-v0,100.0,7653.333333333333,911.1453396524488,5,81280
62,42.92370440264543,Atlantis-v0,1500.0,71000.0,13028.278041074258,35,92864
62,42.993217455148695,BankHeist-v0,0.0,193.33333333333334,14.691943127962086,55,70068
62,43.06640238013532,BattleZone-v0,0.0,46666.666666666664,4379.936808846762,23,186830
62,43.1851007797983,Bowling-v0,0.0,131.33333333333334,23.80726698262243,90,135229
62,43.25051200826963,Boxing-v0,-100.0,52.0,-29.263823064770946,14,150293
62,43.29028966744741,Centipede-v0,161.66666666666666,18794.666666666668,2852.8791469194316,10,67043
63,43.34295675171746,Alien-v0,0.0,926.6666666666666,164.05727923627683,25,60112
63,43.37982745395767,Asteroids-v0,100.0,7653.333333333333,905.2267303102631,5,81280
63,43.41800029920207,Atlantis-v0,1500.0,71000.0,12958.47255369929,35,92864
63,43.49546961651908,BankHeist-v0,0.0,193.33333333333334,14.391408114558446,55,70068
63,43.567458570599555,BattleZone-v0,0.0,46666.666666666664,4645.186953062848,23,186830
63,43.68196940932009,Bowling-v0,0.0,131.33333333333334,24.844073190135234,90,135229
63,43.747905763321455,Boxing-v0,-100.0,52.0,-28.287191726332534,14,150293
63,43.78780852980084,Centipede-v0,156.0,18794.666666666668,2910.357199681783,10,67043
64,43.840229174759656,Alien-v0,0.0,926.6666666666666,166.5878644602048,25,60112
64,43.87765678372648,Asteroids-v0,100.0,7653.333333333333,976.0283687943264,5,81280
64,43.91953565292888,Atlantis-v0,1500.0,71000.0,13903.230890464929,35,92864
64,43.99786680572563,BankHeist-v0,0.0,193.33333333333334,14.286840031520862,55,70068
64,44.07996749381224,BattleZone-v0,0.0,46666.666666666664,4527.186761229315,23,186830
64,44.191663391126525,Bowling-v0,0.0,131.33333333333334,25.379826635145776,90,135229
64,44.26118853271007,Boxing-v0,-100.0,52.0,-28.770685579196204,14,150293
64,44.30362308641275,Centipede-v0,156.0,18794.666666666668,3028.889676910953,10,67043
65,44.356641334030364,Alien-v0,0.0,926.6666666666666,174.22326307572217,25,60112
65,44.394992168148356,Asteroids-v0,100.0,7653.333333333333,982.4043715846991,5,81280
65,44.43684629824426,Atlantis-v0,1500.0,71000.0,15198.907103825139,35,92864
65,44.50521509965261,BankHeist-v0,0.0,193.33333333333334,13.950039032006238,55,70068
65,44.58068899287118,BattleZone-v0,0.0,46666.666666666664,4291.959406713503,23,186830
65,44.690208123922346,Bowling-v0,0.0,131.33333333333334,26.825136612021865,90,135229
65,44.76144761337174,Boxing-v0,-100.0,52.0,-27.93989071038253,14,150293
65,44.803667120403716,Centipede-v0,156.0,18794.666666666668,2696.8719750195164,10,67043
66,44.857685762113995,Alien-v0,0.0,926.6666666666666,162.2535211267606,25,60112
66,44.89510155306922,Asteroids-v0,90.0,7653.333333333333,955.422535211268,5,81280
66,44.937688995202386,Atlantis-v0,1500.0,71000.0,15426.760563380289,35,92864
66,45.00698132508331,BankHeist-v0,0.0,193.33333333333334,16.283255086071986,55,70068
66,45.07522875189781,BattleZone-v0,0.0,46666.666666666664,4483.5680751173695,23,186830
66,45.194974158803625,Bowling-v0,0.0,131.33333333333334,25.046948356807516,90,135229
66,45.26445691837205,Boxing-v0,-100.0,52.0,-29.527386541471053,14,150293
66,45.3064991888735,Centipede-v0,156.0,18794.666666666668,2688.046948356809,10,67043
67,45.358904634250536,Alien-v0,0.0,926.6666666666666,164.44705882352923,25,60112
67,45.39690565963586,Asteroids-v0,90.0,7653.333333333333,972.6196078431379,5,81280
67,45.435677222079704,Atlantis-v0,1500.0,71000.0,14745.09803921569,35,92864
67,45.51007193340195,BankHeist-v0,0.0,193.33333333333334,15.733333333333333,55,70068
67,45.574687419931095,BattleZone-v0,0.0,46666.666666666664,4154.509803921564,23,186830
67,45.69725488583247,Bowling-v0,0.0,131.33333333333334,22.875294117647073,90,135229
67,45.763650267852675,Boxing-v0,-100.0,52.0,-29.628235294117648,14,150293
67,45.80444903956519,Centipede-v0,156.0,18794.666666666668,3278.395294117647,10,67043
68,45.85593149072594,Alien-v0,0.0,926.6666666666666,162.82990083905423,25,60112
68,45.894064026938544,Asteroids-v0,100.0,7653.333333333333,998.9702517162465,5,81280
68,45.93738353073597,Atlantis-v0,1500.0,71000.0,15908.619374523263,35,92864
68,46.022431168225076,BankHeist-v0,0.0,193.33333333333334,15.102974828375286,55,70068
68,46.09608130395412,BattleZone-v0,0.0,46666.666666666664,4819.98474446987,23,186830
68,46.213985855844285,Bowling-v0,0.0,131.33333333333334,24.37833714721586,90,135229
68,46.283389361302056,Boxing-v0,-100.0,52.0,-30.301296720061025,14,150293
68,46.32275429262055,Centipede-v0,156.0,18794.666666666668,2817.156369183828,10,67043
69,46.374052897757956,Alien-v0,0.0,926.6666666666666,167.80660377358495,25,60112
69,46.411671938697495,Asteroids-v0,100.0,7653.333333333333,1004.9921383647809,5,81280
69,46.45223592234982,Atlantis-v0,1500.0,71000.0,14826.179245283025,35,92864
69,46.5245652226607,BankHeist-v0,0.0,193.33333333333334,13.49842767295598,55,70068
69,46.60213187535604,BattleZone-v0,0.0,46666.666666666664,4984.27672955975,23,186830
69,46.71828235771921,Bowling-v0,0.0,131.33333333333334,23.29638364779875,90,135229
69,46.78669304801358,Boxing-v0,-100.0,52.0,-29.15251572327044,14,150293
69,46.829247312545775,Centipede-v0,156.0,18794.666666666668,2957.4111635220115,10,67043
70,46.879830021394625,Alien-v0,0.0,926.6666666666666,169.6156862745097,25,60112
70,46.91430880897575,Asteroids-v0,100.0,7653.333333333333,1112.8000000000002,5,81280
70,46.9533298425542,Atlantis-v0,1500.0,71000.0,15668.862745098035,35,92864
70,47.023238018684914,BankHeist-v0,0.0,193.33333333333334,14.023529411764697,55,70068
70,47.09076317456034,BattleZone-v0,0.0,46666.666666666664,4373.333333333334,23,186830
70,47.19238456481033,Bowling-v0,0.0,131.33333333333334,26.611764705882358,90,135229
70,47.25608131806056,Boxing-v0,-100.0,52.0,-28.418823529411753,14,150293
70,47.29424662808577,Centipede-v0,156.0,18794.666666666668,2896.025098039215,10,67043
71,47.3466711558236,Alien-v0,0.0,926.6666666666666,164.25969912905776,25,60112
71,47.384971605274416,Asteroids-v0,100.0,7653.333333333333,1097.466349960412,5,81280
71,47.42641599350505,Atlantis-v0,1500.0,71000.0,15643.547110055419,35,92864
71,47.50347511695491,BankHeist-v0,0.0,193.33333333333334,15.122723673792558,55,70068
71,47.57546954174836,BattleZone-v0,0.0,46666.666666666664,4539.984164687253,23,186830
71,47.68804478539361,Bowling-v0,0.0,131.33333333333334,24.34996041171813,90,135229
71,47.75362029009395,Boxing-v0,-100.0,52.0,-30.7038796516231,14,150293
71,47.79559438261721,Centipede-v0,156.0,18794.666666666668,2986.1559778305636,10,67043
72,47.84737436519729,Alien-v0,0.0,926.6666666666666,156.42063492063494,25,60112
72,47.88638692014747,Asteroids-v0,100.0,7653.333333333333,1131.039682539682,5,81280
72,47.9290540072653,Atlantis-v0,1500.0,71000.0,16000.158730158731,35,92864
72,47.99728485888905,BankHeist-v0,0.0,193.33333333333334,13.388888888888888,55,70068
72,48.07281550619337,BattleZone-v0,0.0,46666.666666666664,5123.015873015873,23,186830
72,48.192364970180726,Bowling-v0,0.0,131.33333333333334,27.054761904761904,90,135229
72,48.25997770958477,Boxing-v0,-100.0,52.0,-28.61428571428573,14,150293
72,48.30143737720119,Centipede-v0,158.33333333333334,18794.666666666668,2976.2198412698417,10,67043
73,48.35262757188744,Alien-v0,0.0,926.6666666666666,161.37161084529504,25,60112
73,48.391432839035986,Asteroids-v0,100.0,7653.333333333333,1154.059011164274,5,81280
73,48.434945082995625,Atlantis-v0,1500.0,71000.0,15692.185007974484,35,92864
73,48.50557326171133,BankHeist-v0,0.0,193.33333333333334,14.609250398724084,55,70068
73,48.589401181406444,BattleZone-v0,0.0,46666.666666666664,5103.668261562995,23,186830
73,48.69660082426336,Bowling-v0,0.0,131.33333333333334,26.6060606060606,90,135229
73,48.76577647487323,Boxing-v0,-100.0,52.0,-27.508771929824555,14,150293
73,48.80780729419655,Centipede-v0,156.0,18794.666666666668,3068.868421052632,10,67043
74,48.863146683573724,Alien-v0,0.0,926.6666666666666,161.37903861308112,25,60112
74,48.90527733431922,Asteroids-v0,100.0,7653.333333333333,1123.8061465721048,5,81280
74,48.949445987343786,Atlantis-v0,1500.0,71000.0,16679.03861308117,35,92864
74,49.028349782162245,BankHeist-v0,0.0,193.33333333333334,14.515366430260052,55,70068
74,49.10469912648201,BattleZone-v0,0.0,46666.666666666664,4936.170212765958,23,186830
74,49.216154342691105,Bowling-v0,0.0,131.33333333333334,26.495665878644587,90,135229
74,49.288907975620695,Boxing-v0,-100.0,52.0,-29.501970055161532,14,150293
74,49.33424352010091,Centipede-v0,156.0,18794.666666666668,2898.2308904649344,10,67043
75,49.383331985937225,Alien-v0,0.0,926.6666666666666,162.3620823620824,25,60112
75,49.42032229999701,Asteroids-v0,100.0,7653.333333333333,1140.4428904428908,5,81280
75,49.4577520976464,Atlantis-v0,1500.0,71000.0,16369.852369852379,35,92864
75,49.52245721525616,BankHeist-v0,0.0,193.33333333333334,15.31468531468531,55,70068
75,49.59362596578068,BattleZone-v0,0.0,46666.666666666664,4891.996891996894,23,186830
75,49.70447013729149,Bowling-v0,0.0,131.33333333333334,25.726495726495735,90,135229
75,49.77184395392736,Boxing-v0,-100.0,52.0,-30.282828282828287,14,150293
75,49.81264669855436,Centipede-v0,161.66666666666666,18794.666666666668,3009.008547008545,10,67043
76,49.869154930909474,Alien-v0,0.0,926.6666666666666,167.6729559748427,25,60112
76,49.9089723651939,Asteroids-v0,100.0,7653.333333333333,1155.7940251572331,5,81280
76,49.950083375109564,Atlantis-v0,1500.0,71000.0,16280.031446540888,35,92864
76,50.02471322874228,BankHeist-v0,0.0,193.33333333333334,14.221698113207546,55,70068
76,50.10126274155246,BattleZone-v0,0.0,46666.666666666664,4650.157232704407,23,186830
76,50.210675073398484,Bowling-v0,0.0,135.0,28.769654088050324,120,16440
76,50.27680237538285,Boxing-v0,-100.0,52.0,-29.78380503144653,14,150293
76,50.318999093903436,Centipede-v0,161.66666666666666,18794.666666666668,3200.2224842767273,10,67043
77,50.37334858344661,Alien-v0,0.0,926.6666666666666,160.99842767295598,25,60112
77,50.41445923639668,Asteroids-v0,100.0,7653.333333333333,1154.732704402516,5,81280
77,50.45879090819094,Atlantis-v0,1500.0,71000.0,15774.449685534593,35,92864
77,50.541734847823776,BankHeist-v0,0.0,193.33333333333334,14.929245283018872,55,70068
77,50.62544296549426,BattleZone-v0,0.0,46666.666666666664,4996.069182389938,23,186830
77,50.73775101761023,Bowling-v0,0.0,135.0,25.31839622641508,120,16440
77,50.80774858925078,Boxing-v0,-100.0,52.0,-30.584905660377384,14,150293
77,50.848614489502374,Centipede-v0,161.66666666666666,18794.666666666668,3021.114779874213,10,67043
78,50.903846766021516,Alien-v0,0.0,926.6666666666666,168.38383838383828,25,60112
78,50.94459073053466,Asteroids-v0,100.0,7653.333333333333,1125.4467754467764,5,81280
78,50.987593699892365,Atlantis-v0,1500.0,71000.0,15119.114219114226,35,92864
78,51.068156028125024,BankHeist-v0,0.0,193.33333333333334,15.477855477855474,55,70068
78,51.144091135263444,BattleZone-v0,0.0,46666.666666666664,4944.055944055946,23,186830
78,51.25618314623833,Bowling-v0,0.0,135.0,27.599067599067606,120,16440
78,51.32921691675981,Boxing-v0,-100.0,52.0,-27.99922299922298,14,150293
78,51.37298282775614,Centipede-v0,158.33333333333334,18794.666666666668,3132.442113442113,10,67043
79,51.429221392538814,Alien-v0,0.0,926.6666666666666,170.7389937106918,25,60112
79,51.469322730302814,Asteroids-v0,90.0,7653.333333333333,1097.5393081761008,5,81280
79,51.51127163231373,Atlantis-v0,1500.0,71000.0,15391.588050314462,35,92864
79,51.5911924227741,BankHeist-v0,0.0,193.33333333333334,15.636792452830194,55,70068
79,51.67301113426685,BattleZone-v0,0.0,46666.666666666664,5159.591194968552,23,186830
79,51.789304680426916,Bowling-v0,0.0,135.0,28.60220125786163,120,16440
79,51.86152874635326,Boxing-v0,-100.0,52.0,-28.252358490566035,14,150293
79,51.90713122440709,Centipede-v0,158.33333333333334,18794.666666666668,3291.056603773584,10,67043
80,51.960524301462705,Alien-v0,0.0,926.6666666666666,163.41781874039955,25,60112
80,51.9993877559238,Asteroids-v0,100.0,7653.333333333333,1143.8402457757297,5,81280
80,52.04153843793604,Atlantis-v0,1500.0,71000.0,15742.626728110601,35,92864
80,52.12319757017824,BankHeist-v0,0.0,193.33333333333334,14.892473118279575,55,70068
80,52.20456281357341,BattleZone-v0,0.0,46666.666666666664,4958.525345622118,23,186830
80,52.32618519173728,Bowling-v0,0.0,135.0,26.298003072196636,120,16440
80,52.398440552684995,Boxing-v0,-100.0,52.0,-28.510752688172037,14,150293
80,52.4434285320176,Centipede-v0,161.66666666666666,18794.666666666668,3213.194316436253,10,67043
81,52.49538744456238,Alien-v0,0.0,926.6666666666666,175.41371158392445,25,60112
81,52.53333696047465,Asteroids-v0,100.0,7653.333333333333,1158.707643814027,5,81280
81,52.57501055651241,Atlantis-v0,1500.0,71000.0,16195.193065405827,35,92864
81,52.645853599177464,BankHeist-v0,0.0,193.33333333333334,15.043341213553992,55,70068
81,52.7180989123053,BattleZone-v0,0.0,46666.666666666664,5366.430260047284,23,186830
81,52.82747506439686,Bowling-v0,0.0,135.0,25.469661150512227,120,16440
81,52.892145650121904,Boxing-v0,-100.0,52.0,-26.955082742316794,14,150293
81,52.93464697957039,Centipede-v0,156.0,18794.666666666668,3178.9243498818,10,67043
82,52.9872846713331,Alien-v0,0.0,926.6666666666666,162.511961722488,25,60112
82,53.02654703862137,Asteroids-v0,80.0,7653.333333333333,1201.1642743221685,5,81280
82,53.07029554976357,Atlantis-v0,1500.0,71000.0,16111.562998405096,35,92864
82,53.143708516425555,BankHeist-v0,0.0,193.33333333333334,16.212121212121207,55,70068
82,53.219166456593406,BattleZone-v0,0.0,46666.666666666664,4925.837320574164,23,186830
82,53.34413672811455,Bowling-v0,0.0,135.0,24.169856459330138,120,16440
82,53.411297581328284,Boxing-v0,-100.0,52.0,-29.96092503987241,14,150293
82,53.45476362817817,Centipede-v0,156.0,18794.666666666668,3457.8413078149943,10,67043
83,53.5069406614701,Alien-v0,0.0,926.6666666666666,158.14641744548302,25,60112
83,53.54679695798291,Asteroids-v0,100.0,7653.333333333333,1215.147975077882,5,81280
83,53.59035949594445,Atlantis-v0,1500.0,71000.0,16982.087227414326,35,92864
83,53.67042712085777,BankHeist-v0,0.0,193.33333333333334,17.165109034267903,55,70068
83,53.76457002368238,BattleZone-v0,0.0,46666.666666666664,5627.72585669782,23,186830
83,53.88685936186049,Bowling-v0,0.0,135.0,25.376947040498454,120,16440
83,53.95623571356138,Boxing-v0,-100.0,52.0,-29.631619937694705,14,150293
83,53.99562959002124,Centipede-v0,161.66666666666666,18794.666666666668,3176.6736760124636,10,67043
84,54.04744060423639,Alien-v0,0.0,926.6666666666666,161.95704057279244,25,60112
84,54.08369153022766,Asteroids-v0,90.0,7653.333333333333,1156.6189339697698,5,81280
84,54.12716727077961,Atlantis-v0,1500.0,71000.0,15606.205250596655,35,92864
84,54.19894593397776,BankHeist-v0,0.0,193.33333333333334,18.05091487669054,55,70068
84,54.273239354954825,BattleZone-v0,0.0,46666.666666666664,5024.661893396979,23,186830
84,54.38879530668259,Bowling-v0,0.0,135.0,25.35003977724742,120,16440
84,54.45875254034996,Boxing-v0,-100.0,52.0,-28.72235481304695,14,150293
84,54.50060739616553,Centipede-v0,161.66666666666666,18794.666666666668,3398.6579156722396,10,67043
85,54.55432922131485,Alien-v0,0.0,926.6666666666666,162.42280285035625,25,60112
85,54.5931138753891,Asteroids-v0,100.0,7653.333333333333,1211.868566904196,5,81280
85,54.635262364546456,Atlantis-v0,1500.0,71000.0,15563.499604117174,35,92864
85,54.711643945773446,BankHeist-v0,0.0,193.33333333333334,16.52414885193983,55,70068
85,54.78916899283727,BattleZone-v0,0.0,46666.666666666664,5136.183689627869,23,186830
85,54.9113000328011,Bowling-v0,0.0,135.0,25.031670625494854,120,16440
85,54.98150310529603,Boxing-v0,-100.0,52.0,-29.426761678543134,14,150293
85,55.02595569021172,Centipede-v0,155.0,18794.666666666668,3242.50593824228,10,67043
86,55.08291154073344,Alien-v0,0.0,926.6666666666666,163.84615384615395,25,60112
86,55.12601425906023,Asteroids-v0,100.0,7653.333333333333,1249.3395493395494,5,81280
86,55.17444708194998,Atlantis-v0,1500.0,71000.0,16072.571872571876,35,92864
86,55.244728170567086,BankHeist-v0,0.0,193.33333333333334,15.99067599067599,55,70068
86,55.32750028994349,BattleZone-v0,0.0,46666.666666666664,5033.4110334110355,23,186830
86,55.44409199913343,Bowling-v0,0.0,135.0,28.58896658896659,120,16440
86,55.51579120470418,Boxing-v0,-100.0,52.0,-27.21522921522923,14,150293
86,55.56175328281191,Centipede-v0,156.0,18794.666666666668,3235.4118104118124,10,67043
87,55.617170274919935,Alien-v0,0.0,926.6666666666666,163.14685314685312,25,60112
87,55.65663110117118,Asteroids-v0,100.0,7653.333333333333,1225.1126651126658,5,81280
87,55.699796529081134,Atlantis-v0,1500.0,71000.0,15963.092463092451,35,92864
87,55.77433786239889,BankHeist-v0,0.0,193.33333333333334,16.85314685314684,55,70068
87,55.85822363853455,BattleZone-v0,0.0,46666.666666666664,5078.477078477082,23,186830
87,55.96958370526632,Bowling-v0,0.0,135.0,26.874125874125856,120,16440
87,56.03670197738541,Boxing-v0,-100.0,52.0,-26.21989121989121,14,150293
87,56.079146035048694,Centipede-v0,161.66666666666666,18794.666666666668,3190.5998445998457,10,67043
88,56.13552588509189,Alien-v0,0.0,926.6666666666666,160.67460317460316,25,60112
88,56.1777404479848,Asteroids-v0,100.0,7653.333333333333,1187.1666666666674,5,81280
88,56.22219427519374,Atlantis-v0,1500.0,71000.0,15693.253968253974,35,92864
88,56.29738842791981,BankHeist-v0,0.0,193.33333333333334,17.57936507936507,55,70068
88,56.373516905374,BattleZone-v0,0.0,46666.666666666664,5565.873015873019,23,186830
88,56.484437516464126,Bowling-v0,0.0,135.0,28.480952380952374,120,16440
88,56.553624150686794,Boxing-v0,-100.0,52.0,-26.851587301587305,14,150293
88,56.597514780362445,Centipede-v0,156.0,18794.666666666668,3303.0039682539714,10,67043
89,56.65456989619467,Alien-v0,0.0,926.6666666666666,155.67505720823792,25,60112
89,56.69644972867436,Asteroids-v0,100.0,7653.333333333333,1152.5247902364613,5,81280
89,56.74157418310642,Atlantis-v0,1500.0,71000.0,15666.590389016026,35,92864
89,56.82361828115251,BankHeist-v0,0.0,193.33333333333334,15.583524027459958,55,70068
89,56.915583238734136,BattleZone-v0,0.0,46666.666666666664,5434.019832189166,23,186830
89,57.0279642195834,Bowling-v0,0.0,135.0,27.778032036613272,120,16440
89,57.096400983863404,Boxing-v0,-100.0,52.0,-27.42257818459192,14,150293
89,57.14021423154407,Centipede-v0,159.0,18794.666666666668,3424.602593440124,10,67043
90,57.1971881162458,Alien-v0,0.0,926.6666666666666,156.313725490196,25,60112
90,57.23994236601724,Asteroids-v0,100.0,7653.333333333333,1200.4941176470597,5,81280
90,57.28683484468195,Atlantis-v0,1500.0,71000.0,16328.784313725499,35,92864
90,57.352193171117044,BankHeist-v0,0.0,193.33333333333334,17.62352941176472,55,70068
90,57.43819731189145,BattleZone-v0,0.0,46666.666666666664,5218.039215686272,23,186830
90,57.55432359808021,Bowling-v0,0.0,135.0,27.547450980392156,120,16440
90,57.62524643513891,Boxing-v0,-100.0,52.0,-28.28941176470586,14,150293
90,57.66925011124876,Centipede-v0,161.66666666666666,18794.666666666668,3263.9129411764716,10,67043
91,57.720370646185344,Alien-v0,0.0,926.6666666666666,164.3108974358974,25,60112
91,57.758695929845175,Asteroids-v0,90.0,7653.333333333333,1129.7115384615392,5,81280
91,57.79911417437924,Atlantis-v0,1500.0,71000.0,15966.58653846153,35,92864
91,57.872971864210236,BankHeist-v0,0.0,193.33333333333334,18.46153846153847,55,70068
91,57.958201948603,BattleZone-v0,0.0,46666.666666666664,5173.878205128207,23,186830
91,58.06499763720566,Bowling-v0,0.0,135.0,27.205929487179496,120,16440
91,58.133640159832105,Boxing-v0,-100.0,52.0,-28.182692307692314,14,150293
91,58.175169490973154,Centipede-v0,161.66666666666666,18794.666666666668,3078.846153846154,10,67043
92,58.23139251556661,Alien-v0,0.0,926.6666666666666,161.16352201257865,25,60112
92,58.27082095881303,Asteroids-v0,100.0,7653.333333333333,1192.7830188679236,5,81280
92,58.31364411407047,Atlantis-v0,1500.0,71000.0,14954.481132075467,35,92864
92,58.38700045771069,BankHeist-v0,0.0,193.33333333333334,17.169811320754715,55,70068
92,58.463537791702485,BattleZone-v0,0.0,46666.666666666664,5191.037735849057,23,186830
92,58.57585671729512,Bowling-v0,0.0,135.0,26.437106918239,120,16440
92,58.64764903465907,Boxing-v0,-100.0,52.0,-26.775157232704398,14,150293
92,58.69193768839041,Centipede-v0,161.66666666666666,18794.666666666668,3264.73427672956,10,67043
93,58.7469516542885,Alien-v0,0.0,926.6666666666666,159.8666666666666,25,60112
93,58.78816295292643,Asteroids-v0,100.0,7653.333333333333,1239.490196078432,5,81280
93,58.83046226971679,Atlantis-v0,1500.0,71000.0,16292.000000000007,35,92864
93,58.91141735388173,BankHeist-v0,0.0,193.33333333333334,19.207843137254898,55,70068
93,58.998177845875425,BattleZone-v0,0.0,46666.666666666664,5197.64705882353,23,186830
93,59.11736004783047,Bowling-v0,0.0,135.0,26.903529411764705,120,16440
93,59.18708933565352,Boxing-v0,-100.0,52.0,-28.95529411764704,14,150293
93,59.23107133222951,Centipede-v0,161.66666666666666,18794.666666666668,3410.29411764706,10,67043
94,59.28352809641096,Alien-v0,0.0,926.6666666666666,150.63084112149528,25,60112
94,59.3219425861703,Asteroids-v0,100.0,7653.333333333333,1207.6557632398763,5,81280
94,59.363946225775614,Atlantis-v0,1500.0,71000.0,16520.015576323996,35,92864
94,59.44316979143355,BankHeist-v0,0.0,193.33333333333334,18.169781931464176,55,70068
94,59.528945171766814,BattleZone-v0,0.0,46666.666666666664,5427.570093457941,23,186830
94,59.63786205059952,Bowling-v0,0.0,135.0,26.51635514018692,120,16440
94,59.705395230054854,Boxing-v0,-100.0,52.0,-26.612149532710273,14,150293
94,59.747871743374404,Centipede-v0,161.66666666666666,18794.666666666668,3304.334112149533,10,67043
95,59.801769622564315,Alien-v0,0.0,926.6666666666666,157.2315035799522,25,60112
95,59.840723454422424,Asteroids-v0,100.0,7653.333333333333,1231.2410501193322,5,81280
95,59.88223800275061,Atlantis-v0,1500.0,71000.0,16629.276054097056,35,92864
95,59.955535237458015,BankHeist-v0,0.0,193.33333333333334,17.47016706443913,55,70068
95,60.04014753871494,BattleZone-v0,0.0,46666.666666666664,5410.501193317419,23,186830
95,60.15393780125512,Bowling-v0,0.0,135.0,26.420047732696894,120,16440
95,60.21940946592225,Boxing-v0,-100.0,52.0,-27.0676213206046,14,150293
95,60.26024556815624,Centipede-v0,161.66666666666666,18794.666666666668,3129.782816229118,10,67043
96,60.31557603749964,Alien-v0,0.0,926.6666666666666,158.5455974842767,25,60112
96,60.357338902221784,Asteroids-v0,100.0,7653.333333333333,1178.0424528301894,5,81280
96,60.4044202305211,Atlantis-v0,1500.0,71000.0,17105.581761006288,35,92864
96,60.48494185388088,BankHeist-v0,0.0,193.33333333333334,18.63993710691824,55,70068
96,60.567289910117786,BattleZone-v0,0.0,46666.666666666664,5151.729559748433,23,186830
96,60.68918818970521,Bowling-v0,0.0,135.0,25.870283018867912,120,16440
96,60.7606591692898,Boxing-v0,-100.0,52.0,-28.689465408805034,14,150293
96,60.80219597670767,Centipede-v0,161.66666666666666,18794.666666666668,3207.863207547172,10,67043
97,60.85598964744144,Alien-v0,0.0,926.6666666666666,161.18657298985158,25,60112
97,60.897103006574845,Asteroids-v0,100.0,7653.333333333333,1241.2412177985946,5,81280
97,60.94150481700897,Atlantis-v0,1500.0,71000.0,16769.00858704138,35,92864
97,61.022163975172575,BankHeist-v0,0.0,193.33333333333334,19.344262295081954,55,70068
97,61.10438157770369,BattleZone-v0,0.0,46666.666666666664,5463.700234192043,23,186830
97,61.22381911363867,Bowling-v0,0.0,135.0,27.437158469945373,120,16440
97,61.29379904064867,Boxing-v0,-100.0,52.0,-25.55113192818112,14,150293
97,61.33911389476723,Centipede-v0,156.0,18794.666666666668,3283.2396565183444,10,67043
98,61.39401132471031,Alien-v0,0.0,926.6666666666666,157.66899766899752,25,60112
98,61.435453087091446,Asteroids-v0,100.0,7653.333333333333,1224.397824397825,5,81280
98,61.48041524595684,Atlantis-v0,1500.0,71000.0,16407.692307692305,35,92864
98,61.56736539271143,BankHeist-v0,0.0,193.33333333333334,17.979797979797972,55,70068
98,61.65105028907458,BattleZone-v0,0.0,46666.666666666664,5474.747474747474,23,186830
98,61.77485191510783,Bowling-v0,0.0,135.0,26.10101010101011,120,16440
98,61.84851065549586,Boxing-v0,-100.0,52.0,-26.310800310800314,14,150293
98,61.894007215301194,Centipede-v0,161.66666666666666,18794.666666666668,3315.2649572649584,10,67043
99,61.94915185252825,Alien-v0,0.0,926.6666666666666,162.7868852459016,25,60112
99,61.989947010278705,Asteroids-v0,100.0,7653.333333333333,1203.793911007027,5,81280
99,62.032928818066914,Atlantis-v0,1500.0,71000.0,16066.198282591738,35,92864
99,62.11545737736755,BankHeist-v0,0.0,193.33333333333334,18.50897736143636,55,70068
99,62.204330241415235,BattleZone-v0,0.0,46666.666666666664,5493.364558938327,23,186830
99,62.311638081736035,Bowling-v0,0.0,135.0,27.254488680718183,120,16440
99,62.38102656251854,Boxing-v0,-100.0,52.0,-27.10928961748633,14,150293
99,62.42345279024707,Centipede-v0,161.66666666666666,18794.666666666668,3144.7416081186593,10,67043
100,62.60835088988145,Alien-v0,0.0,926.6666666666666,163.08116627265565,25,60112
100,62.64719853904512,Asteroids-v0,100.0,7653.333333333333,1210.6225374310484,5,81280
100,62.68962993628449,Atlantis-v0,1500.0,71000.0,15458.156028368807,35,92864
100,62.77031551493539,BankHeist-v0,0.0,193.33333333333334,20.023640661938526,55,70068
100,62.84743847310543,BattleZone-v0,0.0,46666.666666666664,5721.828211189915,23,186830
100,62.96437706576453,Bowling-v0,0.0,135.0,25.211977935382173,120,16440
100,63.02972445997927,Boxing-v0,-100.0,52.0,-24.436564223798253,14,150293
100,63.071260738107895,Centipede-v0,161.66666666666666,18794.666666666668,3263.1970055161564,10,67043
101,63.12385234031412,Alien-v0,0.0,926.6666666666666,159.23990498812356,25,60112
101,63.1633064491219,Asteroids-v0,100.0,7653.333333333333,1287.1892319873327,5,81280
101,63.20728480703301,Atlantis-v0,1500.0,71000.0,16921.931908155195,35,92864
101,63.28000333726406,BankHeist-v0,0.0,193.33333333333334,18.147268408551064,55,70068
101,63.36423814680841,BattleZone-v0,0.0,46666.666666666664,5626.286619160727,23,186830
101,63.46999480048815,Bowling-v0,0.0,135.0,26.574030087094233,120,16440
101,63.535422891643314,Boxing-v0,-100.0,52.0,-28.830562153602532,14,150293
101,63.57721713927057,Centipede-v0,161.66666666666666,18794.666666666668,3414.2977038796516,10,67043
102,63.63104254715972,Alien-v0,0.0,926.6666666666666,159.1788617886178,25,60112
102,63.672098307212195,Asteroids-v0,90.0,7653.333333333333,1245.3983739837397,5,81280
102,63.71502625041538,Atlantis-v0,1500.0,71000.0,15326.666666666666,35,92864
102,63.794818782938854,BankHeist-v0,0.0,193.33333333333334,17.08130081300813,55,70068
102,63.88389254762067,BattleZone-v0,0.0,46666.666666666664,5606.504065040655,23,186830
102,64.00254476593601,Bowling-v0,0.0,135.0,25.173983739837407,120,16440
102,64.07586773633957,Boxing-v0,-100.0,52.0,-26.68048780487804,14,150293
102,64.12023016273976,Centipede-v0,158.33333333333334,18794.666666666668,3349.040650406505,10,67043
103,64.17766604377164,Alien-v0,0.0,926.6666666666666,162.01095461658846,25,60112
103,64.22336645689276,Asteroids-v0,90.0,7653.333333333333,1148.474178403756,5,81280
103,64.27243538869752,Atlantis-v0,1500.0,71000.0,15657.511737089213,35,92864
103,64.3563864079449,BankHeist-v0,0.0,193.33333333333334,19.992175273865413,55,70068
103,64.45108055591584,BattleZone-v0,0.0,46666.666666666664,5474.178403755867,23,186830
103,64.585228292346,Bowling-v0,0.0,135.0,25.462441314554,120,16440
103,64.65948235233624,Boxing-v0,-100.0,52.0,-27.48591549295773,14,150293
103,64.70801714241504,Centipede-v0,141.0,18794.666666666668,3212.5242566510115,10,67043
104,64.76312544915412,Alien-v0,0.0,926.6666666666666,159.33800623052957,25,60112
104,64.8042456827561,Asteroids-v0,90.0,7653.333333333333,1222.624610591901,5,81280
104,64.84753832525678,Atlantis-v0,1500.0,71000.0,15746.339563862923,35,92864
104,64.91604194323222,BankHeist-v0,0.0,193.33333333333334,18.045171339563872,55,70068
104,65.00975457072258,BattleZone-v0,0.0,46666.666666666664,5662.772585669782,23,186830
104,65.12049356513553,Bowling-v0,0.0,135.0,28.16978193146416,120,16440
104,65.1934592079454,Boxing-v0,-100.0,52.0,-23.52647975077881,14,150293
104,65.23984197497367,Centipede-v0,160.0,18794.666666666668,3374.649532710278,10,67043
105,65.29332435932425,Alien-v0,0.0,926.6666666666666,157.1000788022065,25,60112
105,65.33215751767159,Asteroids-v0,90.0,7653.333333333333,1194.192277383767,5,81280
105,65.37205068217384,Atlantis-v0,1500.0,71000.0,15127.344365642231,35,92864
105,65.43921478589375,BankHeist-v0,0.0,193.33333333333334,20.197005516154448,55,70068
105,65.51732026808791,BattleZone-v0,0.0,46666.666666666664,5612.2931442080435,23,186830
105,65.62945017125871,Bowling-v0,0.0,135.0,25.851851851851837,120,16440
105,65.69687906795077,Boxing-v0,-100.0,52.0,-27.58550039401102,14,150293
105,65.73856777456072,Centipede-v0,161.66666666666666,18794.666666666668,3318.6296296296277,10,67043
106,65.79585028403335,Alien-v0,0.0,926.6666666666666,166.42295597484286,25,60112
106,65.83833317670558,Asteroids-v0,90.0,7653.333333333333,1315.7389937106923,5,81280
106,65.88395866122511,Atlantis-v0,1500.0,71000.0,16525.000000000007,35,92864
106,65.95659410132302,BankHeist-v0,0.0,193.33333333333334,17.82232704402515,55,70068
106,66.03000167979134,BattleZone-v0,0.0,46666.666666666664,5507.861635220127,23,186830
106,66.14272590690189,Bowling-v0,0.0,135.0,27.313679245283016,120,16440
106,66.21189719650481,Boxing-v0,-100.0,52.0,-25.469339622641492,14,150293
106,66.25810123635662,Centipede-v0,160.0,18794.666666666668,3140.269654088049,10,67043
107,66.31531090233061,Alien-v0,0.0,926.6666666666666,161.6589506172841,25,60112
107,66.35429772443241,Asteroids-v0,90.0,7653.333333333333,1103.1790123456794,5,81280
107,66.40133386876848,Atlantis-v0,1500.0,71000.0,16031.095679012347,35,92864
107,66.4817874736256,BankHeist-v0,0.0,193.33333333333334,18.109567901234573,55,70068
107,66.57438138743241,BattleZone-v0,0.0,46666.666666666664,5574.845679012346,23,186830
107,66.6866506450706,Bowling-v0,0.0,135.0,26.253086419753085,120,16440
107,66.75275493370162,Boxing-v0,-100.0,52.0,-24.7037037037037,14,150293
107,66.79358712275823,Centipede-v0,141.66666666666666,18794.666666666668,3323.3503086419755,10,67043
108,66.84900461634,Alien-v0,0.0,926.6666666666666,157.6666666666667,25,60112
108,66.89128138138189,Asteroids-v0,90.0,7653.333333333333,1176.222222222222,5,81280
108,66.93680006424586,Atlantis-v0,1500.0,71000.0,16178.4126984127,35,92864
108,67.01585082133612,BankHeist-v0,0.0,193.33333333333334,18.722222222222214,55,70068
108,67.09707058714496,BattleZone-v0,0.0,46666.666666666664,5662.698412698411,23,186830
108,67.218770623472,Bowling-v0,0.0,135.0,24.15396825396825,120,16440
108,67.28710525320636,Boxing-v0,-100.0,52.0,-25.492857142857144,14,150293
108,67.33169479058849,Centipede-v0,141.0,18794.666666666668,3403.8603174603177,10,67043
109,67.3882806934913,Alien-v0,0.0,926.6666666666666,159.3818466353679,25,60112
109,67.43017324891355,Asteroids-v0,90.0,7653.333333333333,1178.2863849765263,5,81280
109,67.47675123221345,Atlantis-v0,1500.0,71000.0,16272.69170579029,35,92864
109,67.56303254465261,BankHeist-v0,0.0,193.33333333333334,18.255086071987478,55,70068
109,67.64750309109688,BattleZone-v0,0.0,46666.666666666664,5705.007824726133,23,186830
109,67.76763577176465,Bowling-v0,0.0,135.0,25.055555555555554,120,16440
109,67.83914439366923,Boxing-v0,-100.0,52.0,-26.31768388106416,14,150293
109,67.88475737445884,Centipede-v0,161.66666666666666,18794.666666666668,3424.4561815336438,10,67043
110,67.93965481824345,Alien-v0,0.0,926.6666666666666,157.1137254901961,25,60112
110,67.97992794262038,Asteroids-v0,90.0,7653.333333333333,1134.7921568627442,5,81280
110,68.02609229895803,Atlantis-v0,1500.0,71000.0,15724.470588235294,35,92864
110,68.10429238849215,BankHeist-v0,0.0,193.33333333333334,18.23529411764706,55,70068
110,68.19438303437498,BattleZone-v0,0.0,46666.666666666664,5479.215686274507,23,186830
110,68.31650528689225,Bowling-v0,0.0,135.0,23.772549019607847,120,16440
110,68.3899410678943,Boxing-v0,-100.0,52.0,-28.676862745098017,14,150293
110,68.43415940145651,Centipede-v0,161.66666666666666,18794.666666666668,3306.5866666666648,10,67043
111,68.4911209947533,Alien-v0,0.0,926.6666666666666,154.05831363278173,25,60112
111,68.53351111849149,Asteroids-v0,90.0,7653.333333333333,1194.6887312844756,5,81280
111,68.5795157463683,Atlantis-v0,1500.0,71000.0,16278.171788810085,35,92864
111,68.66297189891338,BankHeist-v0,0.0,193.33333333333334,18.56579984239559,55,70068
111,68.75119680609968,BattleZone-v0,0.0,46666.666666666664,6053.585500394013,23,186830
111,68.86573122494751,Bowling-v0,0.0,135.0,26.578408195429475,120,16440
111,68.93483989285099,Boxing-v0,-100.0,52.0,-29.856579984239552,14,150293
111,68.98121740798156,Centipede-v0,161.66666666666666,18794.666666666668,3492.860520094562,10,67043
112,69.03716264380348,Alien-v0,0.0,926.6666666666666,156.52448657187986,25,60112
112,69.07924144208431,Asteroids-v0,90.0,7653.333333333333,1165.6240126382304,5,81280
112,69.12315875391165,Atlantis-v0,1500.0,71000.0,16225.829383886256,35,92864
112,69.19308585895432,BankHeist-v0,0.0,193.33333333333334,18.957345971563978,55,70068
112,69.27653978864352,BattleZone-v0,0.0,46666.666666666664,5349.131121642972,23,186830
112,69.39710902591547,Bowling-v0,0.0,135.0,25.624802527646107,120,16440
112,69.46736917595068,Boxing-v0,-100.0,52.0,-25.750394944707754,14,150293
112,69.51180853439702,Centipede-v0,161.66666666666666,18794.666666666668,3352.236966824644,10,67043
113,69.5704604081975,Alien-v0,0.0,926.6666666666666,156.60508083140874,25,60112
113,69.61554378377066,Asteroids-v0,90.0,7653.333333333333,1122.178598922249,5,81280
113,69.66428919798798,Atlantis-v0,1500.0,71000.0,15595.61200923789,35,92864
113,69.740304368337,BankHeist-v0,0.0,193.33333333333334,19.54580446497305,55,70068
113,69.82667575617631,BattleZone-v0,0.0,46666.666666666664,5618.167821401082,23,186830
113,69.94871703194248,Bowling-v0,0.0,135.0,25.284834488067734,120,16440
113,70.01965410080221,Boxing-v0,-100.0,52.0,-26.90377213240954,14,150293
113,70.06575581716167,Centipede-v0,160.0,18794.666666666668,3312.9207082371036,10,67043
114,70.12528184811275,Alien-v0,0.0,926.6666666666666,156.07704402515716,25,60112
114,70.16871354189183,Asteroids-v0,90.0,7653.333333333333,1202.1226415094343,5,81280
114,70.21638231065538,Atlantis-v0,1500.0,71000.0,16622.56289308177,35,92864
114,70.29582292126285,BankHeist-v0,0.0,193.33333333333334,18.490566037735842,55,70068
114,70.3887202063534,BattleZone-v0,0.0,46666.666666666664,6250.786163522014,23,186830
114,70.50646722700861,Bowling-v0,0.0,135.0,26.297955974842758,120,16440
114,70.57616382499536,Boxing-v0,-100.0,52.0,-23.96855345911949,14,150293
114,70.62006099727418,Centipede-v0,161.66666666666666,18794.666666666668,3378.235062893084,10,67043
115,70.67688815898366,Alien-v0,0.0,926.6666666666666,167.96597061098223,25,60112
115,70.71988885780175,Asteroids-v0,90.0,7653.333333333333,1192.1036349574638,5,81280
115,70.76379717217552,Atlantis-v0,1500.0,71000.0,15777.416860015468,35,92864
115,70.8477819732825,BankHeist-v0,0.0,193.33333333333334,18.87857695282289,55,70068
115,70.9300082291497,BattleZone-v0,0.0,46666.666666666664,5051.044083526681,23,186830
115,71.04450834102101,Bowling-v0,0.0,135.0,25.274555297757143,120,16440
115,71.11280793011188,Boxing-v0,-100.0,52.0,-25.753286929621048,14,150293
115,71.15489637103346,Centipede-v0,161.66666666666666,18794.666666666668,3409.615622583139,10,67043
116,71.2110247855054,Alien-v0,0.0,926.6666666666666,169.32859399684048,25,60112
116,71.25277987658977,Asteroids-v0,100.0,7653.333333333333,1147.0458135860983,5,81280
116,71.29775634070238,Atlantis-v0,1500.0,71000.0,16297.867298578203,35,92864
116,71.37212962514825,BankHeist-v0,0.0,193.33333333333334,18.728278041074255,55,70068
116,71.44627972020044,BattleZone-v0,0.0,46666.666666666664,5851.500789889414,23,186830
116,71.55775808619128,Bowling-v0,0.0,135.0,27.30568720379146,120,16440
116,71.62764766077201,Boxing-v0,-100.0,52.0,-25.23617693522907,14,150293
116,71.67014771971438,Centipede-v0,161.66666666666666,18794.666666666668,3340.1808846761437,10,67043
117,71.72828677482075,Alien-v0,0.0,926.6666666666666,168.5510688836104,25,60112
117,71.76913397120104,Asteroids-v0,90.0,7653.333333333333,1150.356294536817,5,81280
117,71.81203243831793,Atlantis-v0,1500.0,71000.0,15899.683293745054,35,92864
